"Date","eqcurve_estrategia"
"2005-01-03",100
"2005-01-04",100
"2005-01-05",100
"2005-01-06",100
"2005-01-07",100
"2005-01-10",100
"2005-01-11",100
"2005-01-12",100
"2005-01-13",100
"2005-01-14",100
"2005-01-18",100
"2005-01-19",100
"2005-01-20",100
"2005-01-21",100
"2005-01-24",100
"2005-01-25",100
"2005-01-26",100
"2005-01-27",100
"2005-01-28",100
"2005-01-31",100
"2005-02-01",100
"2005-02-02",100
"2005-02-03",100
"2005-02-04",100
"2005-02-07",100
"2005-02-08",100
"2005-02-09",100
"2005-02-10",100
"2005-02-11",100
"2005-02-14",100
"2005-02-15",100
"2005-02-16",100
"2005-02-17",100
"2005-02-18",100
"2005-02-22",100
"2005-02-23",100
"2005-02-24",100
"2005-02-25",100
"2005-02-28",100
"2005-03-01",100
"2005-03-02",100
"2005-03-03",100
"2005-03-04",100
"2005-03-07",100
"2005-03-08",100
"2005-03-09",100
"2005-03-10",100
"2005-03-11",100
"2005-03-14",100
"2005-03-15",100
"2005-03-16",100
"2005-03-17",100
"2005-03-18",100
"2005-03-21",100
"2005-03-22",100
"2005-03-23",100
"2005-03-24",100
"2005-03-28",100
"2005-03-29",100
"2005-03-30",100
"2005-03-31",100
"2005-04-01",100
"2005-04-04",100
"2005-04-05",100
"2005-04-06",100
"2005-04-07",100
"2005-04-08",100
"2005-04-11",100
"2005-04-12",100
"2005-04-13",100
"2005-04-14",100
"2005-04-15",100
"2005-04-18",100
"2005-04-19",100
"2005-04-20",100
"2005-04-21",100
"2005-04-22",100
"2005-04-25",100
"2005-04-26",100
"2005-04-27",100
"2005-04-28",100
"2005-04-29",100
"2005-05-02",100
"2005-05-03",100
"2005-05-04",100
"2005-05-05",100
"2005-05-06",100
"2005-05-09",100
"2005-05-10",100
"2005-05-11",100
"2005-05-12",100
"2005-05-13",100
"2005-05-16",100
"2005-05-17",100
"2005-05-18",100
"2005-05-19",100
"2005-05-20",100
"2005-05-23",100
"2005-05-24",100
"2005-05-25",100
"2005-05-26",100
"2005-05-27",100
"2005-05-31",100
"2005-06-01",100
"2005-06-02",100
"2005-06-03",100
"2005-06-06",100
"2005-06-07",100
"2005-06-08",100
"2005-06-09",100
"2005-06-10",100
"2005-06-13",100
"2005-06-14",100
"2005-06-15",100
"2005-06-16",100
"2005-06-17",100
"2005-06-20",100
"2005-06-21",100
"2005-06-22",100
"2005-06-23",100
"2005-06-24",100
"2005-06-27",100
"2005-06-28",100
"2005-06-29",100
"2005-06-30",100
"2005-07-01",100
"2005-07-05",100
"2005-07-06",100
"2005-07-07",100
"2005-07-08",100
"2005-07-11",100
"2005-07-12",100
"2005-07-13",100
"2005-07-14",100
"2005-07-15",100
"2005-07-18",100
"2005-07-19",100
"2005-07-20",100
"2005-07-21",100
"2005-07-22",100
"2005-07-25",100
"2005-07-26",100
"2005-07-27",100
"2005-07-28",100
"2005-07-29",100
"2005-08-01",100
"2005-08-02",100
"2005-08-03",100
"2005-08-04",100
"2005-08-05",100
"2005-08-08",100
"2005-08-09",100
"2005-08-10",100
"2005-08-11",100
"2005-08-12",100
"2005-08-15",100
"2005-08-16",100
"2005-08-17",100
"2005-08-18",100
"2005-08-19",100
"2005-08-22",100
"2005-08-23",100
"2005-08-24",100
"2005-08-25",100
"2005-08-26",100
"2005-08-29",100
"2005-08-30",100
"2005-08-31",100
"2005-09-01",100
"2005-09-02",100
"2005-09-06",100
"2005-09-07",100
"2005-09-08",100
"2005-09-09",100
"2005-09-12",100
"2005-09-13",100
"2005-09-14",100
"2005-09-15",100
"2005-09-16",100
"2005-09-19",100
"2005-09-20",100
"2005-09-21",100
"2005-09-22",100
"2005-09-23",100
"2005-09-26",100
"2005-09-27",100
"2005-09-28",100
"2005-09-29",100
"2005-09-30",100
"2005-10-03",100
"2005-10-04",100
"2005-10-05",100
"2005-10-06",100
"2005-10-07",100
"2005-10-10",100
"2005-10-11",100
"2005-10-12",100
"2005-10-13",100
"2005-10-14",100
"2005-10-17",100
"2005-10-18",100
"2005-10-19",100
"2005-10-20",100
"2005-10-21",100
"2005-10-24",100
"2005-10-25",100
"2005-10-26",100
"2005-10-27",100
"2005-10-28",100
"2005-10-31",100
"2005-11-01",100
"2005-11-02",100
"2005-11-03",100
"2005-11-04",100
"2005-11-07",100
"2005-11-08",100
"2005-11-09",100
"2005-11-10",100
"2005-11-11",100
"2005-11-14",100
"2005-11-15",100
"2005-11-16",100
"2005-11-17",100
"2005-11-18",100
"2005-11-21",100
"2005-11-22",100
"2005-11-23",100
"2005-11-25",100
"2005-11-28",100
"2005-11-29",100
"2005-11-30",100
"2005-12-01",100
"2005-12-02",100
"2005-12-05",100
"2005-12-06",100
"2005-12-07",100
"2005-12-08",100
"2005-12-09",100
"2005-12-12",100
"2005-12-13",100
"2005-12-14",100
"2005-12-15",100
"2005-12-16",100
"2005-12-19",100
"2005-12-20",100
"2005-12-21",100
"2005-12-22",100
"2005-12-23",100
"2005-12-27",100
"2005-12-28",100
"2005-12-29",100
"2005-12-30",100
"2006-01-03",99.2001004205941
"2006-01-04",99.0374285813175
"2006-01-05",100.737854128639
"2006-01-06",100.365245951841
"2006-01-09",100.43780257471
"2006-01-10",99.6007092582699
"2006-01-11",98.8067696056095
"2006-01-12",98.1744456922601
"2006-01-13",98.4100458777248
"2006-01-17",98.2215656136354
"2006-01-18",97.6986707371622
"2006-01-19",97.1373008672178
"2006-01-20",96.8972778491077
"2006-01-23",99.0124338769829
"2006-01-24",99.8886298678494
"2006-01-25",98.8307355885943
"2006-01-26",97.1385095058431
"2006-01-27",97.1407805475559
"2006-01-30",97.2766638853506
"2006-01-31",97.4000915199894
"2006-02-01",97.2985624955347
"2006-02-02",96.4810451310875
"2006-02-03",97.313460230533
"2006-02-06",96.3466484552999
"2006-02-07",96.528258032706
"2006-02-08",96.4884999189665
"2006-02-09",97.1006165821843
"2006-02-10",97.024611595565
"2006-02-13",97.2119612468263
"2006-02-14",97.3216593876418
"2006-02-15",97.5348219834885
"2006-02-16",97.9529787598011
"2006-02-17",98.3655618050426
"2006-02-21",99.2201881746211
"2006-02-22",98.9215891223184
"2006-02-23",98.4989228895699
"2006-02-24",98.2150316020893
"2006-02-27",97.8217069891913
"2006-02-28",97.955682264638
"2006-03-01",96.3139685703782
"2006-03-02",96.5504345980665
"2006-03-03",96.1019082092654
"2006-03-06",95.5096375813283
"2006-03-07",96.4131901056176
"2006-03-08",96.3075485848109
"2006-03-09",96.5991188480797
"2006-03-10",96.3550267169143
"2006-03-13",97.5682266528453
"2006-03-14",98.6367191030116
"2006-03-15",98.1934660633469
"2006-03-16",96.930889616559
"2006-03-17",96.0629848823741
"2006-03-20",95.4640207597782
"2006-03-21",96.1153151201304
"2006-03-22",96.2289990144648
"2006-03-23",96.5660705112145
"2006-03-24",96.6457413785758
"2006-03-27",96.3753696279762
"2006-03-28",95.9640207286567
"2006-03-29",96.1099307874521
"2006-03-30",97.7616080150292
"2006-03-31",96.5457995690629
"2006-04-03",96.7649612005275
"2006-04-04",96.2670889785771
"2006-04-05",96.4681764919892
"2006-04-06",97.2276637175441
"2006-04-07",97.796683081886
"2006-04-10",99.3525784078202
"2006-04-11",99.7421230028497
"2006-04-12",99.9841456245563
"2006-04-13",100.211513293373
"2006-04-17",100.619995246393
"2006-04-18",100.57979763351
"2006-04-19",100.349041064009
"2006-04-20",99.4205721497039
"2006-04-21",100.733147114801
"2006-04-24",100.597353973392
"2006-04-25",100.697510964935
"2006-04-26",100.210066623286
"2006-04-27",98.9942893326615
"2006-04-28",98.9868740689411
"2006-05-01",99.1601887478141
"2006-05-02",97.8760213189565
"2006-05-03",99.2272961167583
"2006-05-04",98.3297923930925
"2006-05-05",96.9087797729735
"2006-05-08",95.1058244884213
"2006-05-09",95.6865810820024
"2006-05-10",95.4227640524853
"2006-05-11",94.4832424680556
"2006-05-12",95.1069753500097
"2006-05-15",95.728518989146
"2006-05-16",94.9673135791702
"2006-05-17",94.2674639072663
"2006-05-18",94.6922165403914
"2006-05-19",94.0451259663846
"2006-05-22",94.412521861748
"2006-05-23",92.7979133474163
"2006-05-24",93.898878109472
"2006-05-25",93.267349499111
"2006-05-26",93.0237462422398
"2006-05-30",93.5881398548847
"2006-05-31",92.6959242468799
"2006-06-01",92.2228847402809
"2006-06-02",92.4335925899411
"2006-06-05",91.710136609767
"2006-06-06",92.1874608826011
"2006-06-07",92.2941998304638
"2006-06-08",93.2500722419864
"2006-06-09",92.6299952836921
"2006-06-12",92.45190340665
"2006-06-13",92.2813052767572
"2006-06-14",92.9139795845664
"2006-06-15",93.2553571187737
"2006-06-16",93.0592710535286
"2006-06-19",93.2695837705011
"2006-06-20",92.8172594603212
"2006-06-21",91.829494264776
"2006-06-22",92.7511409431782
"2006-06-23",93.2084024597377
"2006-06-26",93.5453580193157
"2006-06-27",93.9111329071634
"2006-06-28",93.8358413168983
"2006-06-29",93.0524743270102
"2006-06-30",89.5972162152623
"2006-07-03",89.5837188442131
"2006-07-05",88.2485968967591
"2006-07-06",88.5960929198281
"2006-07-07",88.4983239130798
"2006-07-10",88.6754047671588
"2006-07-11",88.4447311472437
"2006-07-12",87.9717844105209
"2006-07-13",87.6832103442512
"2006-07-14",87.6338352235516
"2006-07-17",87.0322347447458
"2006-07-18",87.1685937851203
"2006-07-19",87.0471991375334
"2006-07-20",87.0079294947081
"2006-07-21",87.3699704761174
"2006-07-24",87.400671024712
"2006-07-25",88.1151431098006
"2006-07-26",88.2947361410469
"2006-07-27",87.9571543982469
"2006-07-28",89.0796561655355
"2006-07-31",89.3649924574054
"2006-08-01",89.1141230572034
"2006-08-02",89.6733313417873
"2006-08-03",89.2608687609131
"2006-08-04",89.5191125076707
"2006-08-07",89.745243308382
"2006-08-08",89.9472053342058
"2006-08-09",90.6670906325761
"2006-08-10",91.889802386457
"2006-08-11",92.0934482091511
"2006-08-14",92.2918939176053
"2006-08-15",92.084537278566
"2006-08-16",92.1120800207627
"2006-08-17",93.0356456731871
"2006-08-18",92.8954992912439
"2006-08-21",93.0085911903341
"2006-08-22",92.9342589830538
"2006-08-23",93.1150166887766
"2006-08-24",93.9316569426462
"2006-08-25",93.5325633717045
"2006-08-28",93.4849035134885
"2006-08-29",93.1775781297662
"2006-08-30",92.9460225743154
"2006-08-31",92.6261995582621
"2006-09-01",92.9837267679783
"2006-09-05",92.821390135402
"2006-09-06",92.5500775929271
"2006-09-07",92.4202219630567
"2006-09-08",92.2982053605212
"2006-09-11",93.0338396459826
"2006-09-12",92.6622514588127
"2006-09-13",92.8939293761318
"2006-09-14",92.8858978293824
"2006-09-15",92.0602622490622
"2006-09-18",92.0860864476346
"2006-09-19",92.0099000509769
"2006-09-20",91.7292198877992
"2006-09-21",91.6491250430786
"2006-09-22",91.7140427312906
"2006-09-25",91.6370179837917
"2006-09-26",91.8047915488092
"2006-09-27",92.0163036634801
"2006-09-28",92.4129551585055
"2006-09-29",92.4885093486793
"2006-10-02",92.4217626659625
"2006-10-03",92.1376833974673
"2006-10-04",92.1704295825098
"2006-10-05",92.374411710218
"2006-10-06",92.1515963368651
"2006-10-09",92.0840493798635
"2006-10-10",92.4515439624304
"2006-10-11",92.0782426332136
"2006-10-12",92.0563037712029
"2006-10-13",92.0502073253477
"2006-10-16",91.8363407930638
"2006-10-17",91.830737739914
"2006-10-18",91.7896476111776
"2006-10-19",92.5827547972696
"2006-10-20",92.6513231289644
"2006-10-23",92.5354790036601
"2006-10-24",92.6624919942208
"2006-10-25",92.914459664874
"2006-10-26",93.1100804763513
"2006-10-27",92.8524907252791
"2006-10-30",92.5899866690334
"2006-10-31",92.6955975925929
"2006-11-01",90.989369701674
"2006-11-02",90.9067378126425
"2006-11-03",91.3152151779536
"2006-11-06",91.2244203038278
"2006-11-07",91.0785447656681
"2006-11-08",91.439970254299
"2006-11-09",90.574543808038
"2006-11-10",90.5236531448509
"2006-11-13",90.3127148546309
"2006-11-14",89.9877176487326
"2006-11-15",90.0089321756866
"2006-11-16",89.4812864613359
"2006-11-17",89.6151346811774
"2006-11-20",90.1840575284055
"2006-11-21",90.3511616372761
"2006-11-22",90.2125089497693
"2006-11-24",90.4492907980719
"2006-11-27",90.3257841148005
"2006-11-28",90.8585067573304
"2006-11-29",91.527406467293
"2006-11-30",92.4228910244462
"2006-12-01",92.5090881237354
"2006-12-04",92.0193442610671
"2006-12-05",91.7461064651715
"2006-12-06",91.7134612797441
"2006-12-07",91.0147267979577
"2006-12-08",91.1951621774283
"2006-12-11",91.158931856799
"2006-12-12",90.4395631438834
"2006-12-13",90.2150940370794
"2006-12-14",90.2545723699624
"2006-12-15",90.1113914358288
"2006-12-18",90.3154081024736
"2006-12-19",90.4799984092434
"2006-12-20",90.3055512607614
"2006-12-21",90.0635799795765
"2006-12-22",89.5172111309774
"2006-12-26",89.1670091256328
"2006-12-27",89.0987769158829
"2006-12-28",89.1955163182275
"2006-12-29",89.2004184580441
"2007-01-03",89.3833847886906
"2007-01-04",89.8326323995935
"2007-01-05",90.0131570906998
"2007-01-08",89.7350168799887
"2007-01-09",89.4883159626784
"2007-01-10",88.525558551576
"2007-01-11",88.3734080480051
"2007-01-12",88.2008001513822
"2007-01-16",88.2211186098625
"2007-01-17",89.0358398678542
"2007-01-18",88.964064007395
"2007-01-19",89.0268678765299
"2007-01-22",87.91604658025
"2007-01-23",88.3275545788819
"2007-01-24",88.709519412884
"2007-01-25",88.9115607383739
"2007-01-26",89.0275051858779
"2007-01-29",89.0869027954853
"2007-01-30",88.9960087108883
"2007-01-31",88.8251768227188
"2007-02-01",88.7405239960125
"2007-02-02",87.8259129950894
"2007-02-05",87.95749621909
"2007-02-06",88.1373982218112
"2007-02-07",88.4187700423765
"2007-02-08",89.0399838166019
"2007-02-09",88.7507800236271
"2007-02-12",88.9117411312446
"2007-02-13",88.8414846360454
"2007-02-14",88.4231912428734
"2007-02-15",88.3564710568455
"2007-02-16",88.7844783280198
"2007-02-20",88.6033461216215
"2007-02-21",88.6891723505965
"2007-02-22",89.4584769508904
"2007-02-23",89.5745320568747
"2007-02-26",89.4219428889316
"2007-02-27",89.569435154874
"2007-02-28",89.7458990205085
"2007-03-01",90.1731447789217
"2007-03-02",90.3429495873622
"2007-03-05",90.0455771898373
"2007-03-06",90.1286730682266
"2007-03-07",90.2533818894497
"2007-03-08",89.3054766020008
"2007-03-09",90.3001817244834
"2007-03-12",90.0011539645081
"2007-03-13",89.933153423541
"2007-03-14",90.0657851166798
"2007-03-15",89.4130652102352
"2007-03-16",89.5628329303561
"2007-03-19",89.1563182035285
"2007-03-20",89.6125632995535
"2007-03-21",89.2771900802818
"2007-03-22",89.7146216624223
"2007-03-23",89.3635814526588
"2007-03-26",88.7927265290117
"2007-03-27",89.1048465193296
"2007-03-28",90.3058268962073
"2007-03-29",90.7597566423147
"2007-03-30",90.6299885459975
"2007-04-02",90.274756619779
"2007-04-03",90.3020011419577
"2007-04-04",90.4350122502166
"2007-04-05",90.1678905582621
"2007-04-09",89.9498741478151
"2007-04-10",90.0530897448614
"2007-04-11",89.7628965082795
"2007-04-12",89.1270251134052
"2007-04-13",88.9521092125056
"2007-04-16",88.6519872565984
"2007-04-17",89.3505415805863
"2007-04-18",88.6430221207432
"2007-04-19",88.5404972838433
"2007-04-20",88.286726672058
"2007-04-23",88.183959459575
"2007-04-24",88.1559957556302
"2007-04-25",88.5343249381042
"2007-04-26",88.3756903305454
"2007-04-27",88.3701355207574
"2007-04-30",88.3580044263598
"2007-05-01",89.0257800628813
"2007-05-02",89.9583162124518
"2007-05-03",89.0546309611443
"2007-05-04",88.7275782265468
"2007-05-07",88.2162395341469
"2007-05-08",87.5517466369233
"2007-05-09",86.511219107447
"2007-05-10",87.3334828421741
"2007-05-11",86.7688065406606
"2007-05-14",86.676620387861
"2007-05-15",86.809182996896
"2007-05-16",86.5030498382265
"2007-05-17",86.5316581689633
"2007-05-18",86.6088449858582
"2007-05-21",86.397003034869
"2007-05-22",86.410364421148
"2007-05-23",86.516945686319
"2007-05-24",86.4695605206193
"2007-05-25",86.3134100472298
"2007-05-29",86.4964967788941
"2007-05-30",86.4860214034439
"2007-05-31",86.7655067900446
"2007-06-01",87.0757975973731
"2007-06-04",86.8382793568873
"2007-06-05",87.1069336093651
"2007-06-06",87.247205007252
"2007-06-07",87.3209683482828
"2007-06-08",87.0774132634981
"2007-06-11",86.8614788993298
"2007-06-12",87.7203513716765
"2007-06-13",87.4824300216218
"2007-06-14",87.9117387398902
"2007-06-15",87.907381698656
"2007-06-18",88.4930640552377
"2007-06-19",88.5094088052206
"2007-06-20",88.2138596795138
"2007-06-21",88.2037082668717
"2007-06-22",87.6157617288885
"2007-06-25",87.6779925413689
"2007-06-26",87.0218145283364
"2007-06-27",87.2256225524903
"2007-06-28",87.3064286788533
"2007-06-29",87.7888529391374
"2007-07-02",88.0623060028597
"2007-07-03",88.535808993887
"2007-07-05",87.6544803915179
"2007-07-06",87.4804300140855
"2007-07-09",86.9638465283463
"2007-07-10",87.2309891808214
"2007-07-11",86.8760009078014
"2007-07-12",86.6006221132088
"2007-07-13",86.5639348025746
"2007-07-16",86.828939211207
"2007-07-17",86.7471439766968
"2007-07-18",86.7804025969565
"2007-07-19",87.0350151155986
"2007-07-20",86.7961067398877
"2007-07-23",86.4280631994816
"2007-07-24",86.247881974386
"2007-07-25",85.6085565938295
"2007-07-26",85.3781932850532
"2007-07-27",84.7548226902657
"2007-07-30",85.1661257365093
"2007-07-31",85.6002479785404
"2007-08-01",84.9478559009385
"2007-08-02",84.1127632872218
"2007-08-03",84.709000579942
"2007-08-06",84.5112655430261
"2007-08-07",84.7802686567192
"2007-08-08",83.8780761427176
"2007-08-09",83.4959339097038
"2007-08-10",84.3685403005727
"2007-08-13",85.482674041757
"2007-08-14",86.495639980251
"2007-08-15",86.6294157781944
"2007-08-16",86.4461736671707
"2007-08-17",85.7741702401023
"2007-08-20",85.5306519904678
"2007-08-21",85.4730861076475
"2007-08-22",85.9130453661274
"2007-08-23",86.0017267784386
"2007-08-24",85.3159042774508
"2007-08-27",85.3700806396646
"2007-08-28",84.9642974471537
"2007-08-29",85.1157033111156
"2007-08-30",85.0857069987841
"2007-08-31",85.4262690142745
"2007-09-04",85.0598353436319
"2007-09-05",85.046521403549
"2007-09-06",85.0583974188578
"2007-09-07",84.89482619168
"2007-09-10",84.8966319286518
"2007-09-11",84.7643057703457
"2007-09-12",84.6500007012528
"2007-09-13",84.8599720625459
"2007-09-14",84.4574245890036
"2007-09-17",84.7969660338911
"2007-09-18",85.0383920709082
"2007-09-19",85.6872775087609
"2007-09-20",85.6093988929383
"2007-09-21",86.7887245226374
"2007-09-24",86.9998559728754
"2007-09-25",87.1085698945509
"2007-09-26",87.8249079176386
"2007-09-27",87.6014601980401
"2007-09-28",88.3074707645363
"2007-10-01",88.2241012543093
"2007-10-02",88.2764230184674
"2007-10-03",88.4411810721739
"2007-10-04",88.5193490617125
"2007-10-05",87.5633365612893
"2007-10-08",86.6680729699584
"2007-10-09",86.5297208736723
"2007-10-10",87.177095080239
"2007-10-11",86.7533135477632
"2007-10-12",86.4408296717606
"2007-10-15",86.3530077823746
"2007-10-16",86.2710066653223
"2007-10-17",85.9866189099116
"2007-10-18",85.8150563773148
"2007-10-19",86.0755736745085
"2007-10-22",86.509526942357
"2007-10-23",85.9129783859707
"2007-10-24",85.4103377645942
"2007-10-25",84.7921973772049
"2007-10-26",84.1825183711436
"2007-10-29",84.0551811808544
"2007-10-30",83.8896251496468
"2007-10-31",84.2418674232275
"2007-11-01",85.8243173195902
"2007-11-02",87.0853440037401
"2007-11-05",87.6689559666173
"2007-11-06",86.7754927359838
"2007-11-07",85.674856781795
"2007-11-08",85.8898073938626
"2007-11-09",85.3446260928777
"2007-11-12",85.7695774363594
"2007-11-13",85.8123375494469
"2007-11-14",85.1526597211846
"2007-11-15",85.1941457470452
"2007-11-16",84.7745741228889
"2007-11-19",84.3485716575162
"2007-11-20",84.8012663101922
"2007-11-21",84.545612061128
"2007-11-23",84.2613623909049
"2007-11-26",83.8195401613359
"2007-11-27",84.4173650894843
"2007-11-28",83.1920456008321
"2007-11-29",83.8603734851405
"2007-11-30",83.6587283681318
"2007-12-03",83.3648588035549
"2007-12-04",83.0285172181507
"2007-12-05",82.5829297838842
"2007-12-06",82.8343553059622
"2007-12-07",83.4688219509604
"2007-12-10",83.7171414242143
"2007-12-11",84.2798610273843
"2007-12-12",83.6770993680709
"2007-12-13",83.5818385771245
"2007-12-14",83.9624742893041
"2007-12-17",84.0151788235462
"2007-12-18",83.8575602556596
"2007-12-19",83.4653065216786
"2007-12-20",84.2594290611235
"2007-12-21",83.7709264980193
"2007-12-24",83.2439857914774
"2007-12-26",82.9451169925239
"2007-12-27",82.9076128906367
"2007-12-28",83.1688298829777
"2007-12-31",82.9947808866554
"2008-01-02",83.4783526518421
"2008-01-03",83.8019676898658
"2008-01-04",83.4838107704676
"2008-01-07",82.7338207845613
"2008-01-08",82.9587644408987
"2008-01-09",83.0781990576669
"2008-01-10",83.8217245501361
"2008-01-11",84.1054915290741
"2008-01-14",83.9509272647212
"2008-01-15",84.6448646375001
"2008-01-16",85.0110787726742
"2008-01-17",85.0630823275736
"2008-01-18",84.7217749178323
"2008-01-22",85.7047658206608
"2008-01-23",85.3037429062042
"2008-01-24",86.2013832880283
"2008-01-25",86.1875982010457
"2008-01-28",85.5541138496135
"2008-01-29",85.6851030921681
"2008-01-30",85.9105070489816
"2008-01-31",85.5899539732083
"2008-02-01",85.497612567588
"2008-02-04",85.6204404382997
"2008-02-05",86.2604160750492
"2008-02-06",86.7134869071985
"2008-02-07",86.0891240745803
"2008-02-08",86.3937556823364
"2008-02-11",85.7800429947896
"2008-02-12",86.8954402378346
"2008-02-13",87.6556885865275
"2008-02-14",87.7049905006926
"2008-02-15",87.8821444609279
"2008-02-19",86.9430330461511
"2008-02-20",87.750532002004
"2008-02-21",87.7851881788313
"2008-02-22",87.5317928373692
"2008-02-25",88.1524518488497
"2008-02-26",88.1135493997449
"2008-02-27",88.0266440248491
"2008-02-28",88.0630147196759
"2008-02-29",88.7264762431031
"2008-03-03",88.4460351817027
"2008-03-04",88.9334853004682
"2008-03-05",88.8025531918443
"2008-03-06",88.3261947974754
"2008-03-07",88.4152452204049
"2008-03-10",88.2248716693565
"2008-03-11",88.7832428563062
"2008-03-12",88.8803911082177
"2008-03-13",88.6827266704676
"2008-03-14",88.604312875355
"2008-03-17",88.8244776242234
"2008-03-18",89.0019275617283
"2008-03-19",89.5023508409476
"2008-03-20",89.6104402147465
"2008-03-24",89.7664914288318
"2008-03-25",89.0714805713653
"2008-03-26",88.9173735128841
"2008-03-27",88.8064395699692
"2008-03-28",88.6085513282437
"2008-03-31",88.6753035503795
"2008-04-01",89.2248588109066
"2008-04-02",88.3649837407254
"2008-04-03",88.4743395348885
"2008-04-04",88.2289612443363
"2008-04-07",87.9677879186631
"2008-04-08",88.0791921110658
"2008-04-09",87.612046184309
"2008-04-10",87.852792852367
"2008-04-11",87.9245384156912
"2008-04-14",88.0298536943517
"2008-04-15",87.9294570101323
"2008-04-16",87.5965649581513
"2008-04-17",87.844869972815
"2008-04-18",87.4208750530591
"2008-04-21",87.8655985172847
"2008-04-22",87.6530134303719
"2008-04-23",86.469711924161
"2008-04-24",86.9737622232994
"2008-04-25",87.176551002507
"2008-04-28",86.8974294186555
"2008-04-29",86.828285459619
"2008-04-30",86.2730926604289
"2008-05-01",86.5819025947151
"2008-05-02",85.8397462025786
"2008-05-05",85.3877610842227
"2008-05-06",85.6723392214332
"2008-05-07",85.6356194414142
"2008-05-08",85.4692905765383
"2008-05-09",85.4353892265031
"2008-05-12",85.867664544144
"2008-05-13",85.1999860647497
"2008-05-14",85.2446377542435
"2008-05-15",85.0437051547625
"2008-05-16",85.4152425489064
"2008-05-19",85.2216251661078
"2008-05-20",84.8469272136634
"2008-05-21",85.1782847845556
"2008-05-22",85.1471713228937
"2008-05-23",84.9461575533651
"2008-05-27",85.0681579497917
"2008-05-28",85.1735490684626
"2008-05-29",85.772926860583
"2008-05-30",85.275013215863
"2008-06-02",84.9104904625468
"2008-06-03",85.2983250713105
"2008-06-04",85.3729448125722
"2008-06-05",85.2471485719475
"2008-06-06",84.7832374091589
"2008-06-09",84.1447279270886
"2008-06-10",83.6490510979798
"2008-06-11",83.0234344576201
"2008-06-12",82.6818599089643
"2008-06-13",82.7685761986794
"2008-06-16",82.913599428392
"2008-06-17",82.4243001364822
"2008-06-18",82.0540090483689
"2008-06-19",82.1203001708959
"2008-06-20",81.6522892024102
"2008-06-23",81.4917505808702
"2008-06-24",81.6671371776388
"2008-06-25",81.725059889881
"2008-06-26",81.7046753687892
"2008-06-27",81.1882081601541
"2008-06-30",80.9790265542564
"2008-07-01",80.9976932132339
"2008-07-02",79.8542884415716
"2008-07-03",79.6495487352434
"2008-07-07",79.9065028425035
"2008-07-08",79.3091339045071
"2008-07-09",80.0180138872238
"2008-07-10",79.9663012753189
"2008-07-11",80.9403158624349
"2008-07-14",81.5601474091664
"2008-07-15",81.6831847524039
"2008-07-16",82.093128423891
"2008-07-17",81.2725505694576
"2008-07-18",81.0067857760885
"2008-07-21",81.5227788747601
"2008-07-22",80.5886360755661
"2008-07-23",79.8925630398642
"2008-07-24",80.7082074002385
"2008-07-25",80.5952760871507
"2008-07-28",81.3583742182824
"2008-07-29",80.9977810258356
"2008-07-30",80.4697220520075
"2008-07-31",80.2749494921482
"2008-08-01",80.0129083077081
"2008-08-04",80.1661089992183
"2008-08-05",79.0598311928601
"2008-08-06",79.0364738567637
"2008-08-07",79.1815898734014
"2008-08-08",79.6135329302789
"2008-08-11",78.8790711051502
"2008-08-12",78.461969300012
"2008-08-13",79.3559510291375
"2008-08-14",79.0352371927088
"2008-08-15",78.9060278883157
"2008-08-18",78.8677156444472
"2008-08-19",80.3252515186888
"2008-08-20",79.9007520983709
"2008-08-21",80.4951743402426
"2008-08-22",79.3354188241426
"2008-08-25",80.1619090137862
"2008-08-26",80.3623389979224
"2008-08-27",80.1609249199053
"2008-08-28",79.4658851138525
"2008-08-29",79.6046211747587
"2008-09-02",79.9866200857251
"2008-09-03",79.6748216497614
"2008-09-04",79.8556374300741
"2008-09-05",79.9984956186411
"2008-09-08",79.9508973600993
"2008-09-09",79.7565879849469
"2008-09-10",78.8236536601492
"2008-09-11",79.143422177691
"2008-09-12",79.4345541500184
"2008-09-15",78.1635777439189
"2008-09-16",77.2788097079408
"2008-09-17",76.7177699220385
"2008-09-18",77.8475677384798
"2008-09-19",76.3013758712376
"2008-09-22",77.227246720025
"2008-09-23",76.8721998980752
"2008-09-24",77.542762178349
"2008-09-25",77.6665725493377
"2008-09-26",77.9591755512329
"2008-09-29",77.9774127747454
"2008-09-30",77.7262972025867
"2008-10-01",77.3121848350721
"2008-10-02",77.2236871231698
"2008-10-03",77.3160757081902
"2008-10-06",76.8763316820148
"2008-10-07",76.4379861701957
"2008-10-08",75.9739936710843
"2008-10-09",76.8297381623273
"2008-10-10",76.2848442181811
"2008-10-13",75.0841071641061
"2008-10-14",75.9889916742741
"2008-10-15",76.2387439798291
"2008-10-16",76.0517404036873
"2008-10-17",76.6317926946706
"2008-10-20",75.178994219042
"2008-10-21",74.5319375506528
"2008-10-22",73.3183167667418
"2008-10-23",72.5131863046679
"2008-10-24",72.1107504528888
"2008-10-27",73.0917841346296
"2008-10-28",72.5297153835124
"2008-10-29",73.2794494895357
"2008-10-30",73.8721836080045
"2008-10-31",70.9330285780216
"2008-11-03",72.8984362057893
"2008-11-04",74.5678287320924
"2008-11-05",75.566835253268
"2008-11-06",75.1228922788632
"2008-11-07",75.8567220416649
"2008-11-10",76.5315183383289
"2008-11-11",76.548085631595
"2008-11-12",76.6412302739915
"2008-11-13",74.9929032430089
"2008-11-14",74.8708805469279
"2008-11-17",75.3927964304485
"2008-11-18",74.6985137280666
"2008-11-19",75.175984385748
"2008-11-20",74.5518094691828
"2008-11-21",75.9500424278707
"2008-11-24",75.7928507761429
"2008-11-25",75.0145639871061
"2008-11-26",74.1845286769435
"2008-11-28",74.0468359721687
"2008-12-01",73.9873987655167
"2008-12-02",73.2321114743701
"2008-12-03",73.6338946526648
"2008-12-04",72.857639944949
"2008-12-05",72.2270601561726
"2008-12-08",72.5023030904016
"2008-12-09",74.2838918417546
"2008-12-10",71.5311029096707
"2008-12-11",70.8463402459195
"2008-12-12",70.6617696949795
"2008-12-15",72.0044774639719
"2008-12-16",71.0209725423714
"2008-12-17",71.1301390310568
"2008-12-18",70.0065347377812
"2008-12-19",69.6694770172145
"2008-12-22",70.8752276200998
"2008-12-23",70.6312983597911
"2008-12-24",69.9464584250063
"2008-12-26",70.4035492654238
"2008-12-29",71.3909835939874
"2008-12-30",71.4458939436102
"2008-12-31",71.2822923030849
"2009-01-02",72.900855161638
"2009-01-05",74.9731842850045
"2009-01-06",75.1985387906134
"2009-01-07",74.5611983008985
"2009-01-08",75.7725833903535
"2009-01-09",75.8262062366438
"2009-01-12",75.4442169050916
"2009-01-13",74.5291777435873
"2009-01-14",72.1930599065413
"2009-01-15",73.0848528747393
"2009-01-16",74.0890909339162
"2009-01-20",71.6893436412501
"2009-01-21",72.5795440603645
"2009-01-22",71.0523673067686
"2009-01-23",69.5106930401234
"2009-01-26",68.4243456397518
"2009-01-27",67.9983551655041
"2009-01-28",68.1527591667913
"2009-01-29",66.1626860545288
"2009-01-30",65.2746931179002
"2009-02-02",66.0113782275768
"2009-02-03",66.8410518461623
"2009-02-04",67.8693626776835
"2009-02-05",68.0816206923423
"2009-02-06",69.7115783436671
"2009-02-09",70.4714378458527
"2009-02-10",70.5193667162233
"2009-02-11",70.5779467562863
"2009-02-12",70.0885348376005
"2009-02-13",70.6144142667166
"2009-02-17",69.3271273033278
"2009-02-18",69.2743908998109
"2009-02-19",68.6237954834336
"2009-02-20",68.8657195147635
"2009-02-23",68.3627710564225
"2009-02-24",67.4583203554651
"2009-02-25",66.9974134008809
"2009-02-26",67.3004122233602
"2009-02-27",67.3667293331333
"2009-03-02",67.3902837165318
"2009-03-03",67.8362022061793
"2009-03-04",67.9523301813541
"2009-03-05",67.8267268167594
"2009-03-06",66.8619390883405
"2009-03-09",67.114577509059
"2009-03-10",66.6487172590401
"2009-03-11",66.5671194406334
"2009-03-12",65.3823564368571
"2009-03-13",65.4581608851776
"2009-03-16",65.4972006224772
"2009-03-17",64.7806876740781
"2009-03-18",64.4651562802937
"2009-03-19",65.4822937141317
"2009-03-20",63.6673007425338
"2009-03-23",64.2109416656788
"2009-03-24",65.9883213348743
"2009-03-25",64.6336974940717
"2009-03-26",63.9672422846783
"2009-03-27",65.2887565415479
"2009-03-30",64.3525441840885
"2009-03-31",64.130127856267
"2009-04-01",65.2919345246281
"2009-04-02",66.5775012367157
"2009-04-03",67.110903814997
"2009-04-06",67.1351180085566
"2009-04-07",67.0397407164584
"2009-04-08",71.2449798679279
"2009-04-09",71.5015592310863
"2009-04-13",70.9882365843426
"2009-04-14",71.4721013700638
"2009-04-15",71.9597321830193
"2009-04-16",70.4884784388119
"2009-04-17",71.1033289347806
"2009-04-20",69.475470305647
"2009-04-21",70.9693864877962
"2009-04-22",70.5098310154921
"2009-04-23",70.3077418304359
"2009-04-24",72.0417453543437
"2009-04-27",72.3811253242693
"2009-04-28",72.3142331859145
"2009-04-29",73.9462757464981
"2009-04-30",72.9359650305434
"2009-05-01",74.0443677564941
"2009-05-04",75.2978143030943
"2009-05-05",75.4905510634443
"2009-05-06",77.5493548014795
"2009-05-07",78.4296848766954
"2009-05-08",79.4981758534992
"2009-05-11",79.5168410867316
"2009-05-12",79.8137473013268
"2009-05-13",78.5550886782616
"2009-05-14",79.4334367402802
"2009-05-15",79.683105850336
"2009-05-18",80.3579026569655
"2009-05-19",80.5895037450154
"2009-05-20",80.8738826677584
"2009-05-21",80.7323200826866
"2009-05-22",80.7710997376256
"2009-05-26",79.9851765709098
"2009-05-27",81.1095497027809
"2009-05-28",82.1588465359997
"2009-05-29",82.2100189812481
"2009-06-01",82.1229361817397
"2009-06-02",82.167502458992
"2009-06-03",81.7779807629814
"2009-06-04",81.4655085188522
"2009-06-05",81.6577299041185
"2009-06-08",81.6863522493673
"2009-06-09",82.0519650860223
"2009-06-10",82.3717524558836
"2009-06-11",82.9964247411546
"2009-06-12",82.5774955124566
"2009-06-15",82.4901453529039
"2009-06-16",82.5359897915634
"2009-06-17",81.9101595007801
"2009-06-18",81.6605794822923
"2009-06-19",81.3072944596076
"2009-06-22",81.1798538701695
"2009-06-23",80.8980780465257
"2009-06-24",81.5634390506439
"2009-06-25",82.0092204010477
"2009-06-26",82.1330509645266
"2009-06-29",82.2931579457194
"2009-06-30",82.6164750705974
"2009-07-01",82.4799578927554
"2009-07-02",84.1836089567243
"2009-07-06",84.3302355375611
"2009-07-07",84.4934597058027
"2009-07-08",85.0673274846558
"2009-07-09",85.2967065996163
"2009-07-10",84.8407301531798
"2009-07-13",84.5662143500561
"2009-07-14",83.9453452390501
"2009-07-15",83.6587887810756
"2009-07-16",82.6754909982435
"2009-07-17",82.8078995230819
"2009-07-20",82.8951415924218
"2009-07-21",83.3039719145894
"2009-07-22",83.5301021713826
"2009-07-23",83.0751605947928
"2009-07-24",83.3722707773626
"2009-07-27",83.7761708253318
"2009-07-28",83.9375259349355
"2009-07-29",83.7665677761214
"2009-07-30",83.3408791194237
"2009-07-31",83.1013195837816
"2009-08-03",83.2622980686473
"2009-08-04",82.8008963026048
"2009-08-05",82.0048774704171
"2009-08-06",83.0877782419057
"2009-08-07",82.7773879165477
"2009-08-10",83.5129028209519
"2009-08-11",83.3210034387755
"2009-08-12",84.2164208050275
"2009-08-13",84.3740095323086
"2009-08-14",84.3460445915519
"2009-08-17",84.83211289747
"2009-08-18",84.6583201239428
"2009-08-19",85.2160642268079
"2009-08-20",85.1255021238112
"2009-08-21",85.7046927391811
"2009-08-24",85.4120515702502
"2009-08-25",85.122184357676
"2009-08-26",85.1297538783457
"2009-08-27",85.3723323916599
"2009-08-28",84.8644209470391
"2009-08-31",84.8830572954641
"2009-09-01",84.3984043790771
"2009-09-02",84.1738301753428
"2009-09-03",84.4554230185781
"2009-09-04",84.5322761703421
"2009-09-08",84.8977573933072
"2009-09-09",85.5913524430657
"2009-09-10",85.3048767784136
"2009-09-11",85.0913817903906
"2009-09-14",84.9074162159037
"2009-09-15",84.0795244648346
"2009-09-16",84.2523085573406
"2009-09-17",85.2236270811025
"2009-09-18",86.4032218964898
"2009-09-21",86.3512178183394
"2009-09-22",86.0262573896504
"2009-09-23",86.2579981918008
"2009-09-24",86.7297400629856
"2009-09-25",86.6524674883245
"2009-09-28",85.5488764154568
"2009-09-29",85.2514933874788
"2009-09-30",85.5027878588801
"2009-10-01",86.8808105859444
"2009-10-02",87.3726068872021
"2009-10-05",88.4941511555643
"2009-10-06",86.5874755957477
"2009-10-07",87.2410765368573
"2009-10-08",86.1390790274259
"2009-10-09",86.9949932417828
"2009-10-12",87.1268634123434
"2009-10-13",87.766976716782
"2009-10-14",87.544528672257
"2009-10-15",86.8790363104042
"2009-10-16",86.7204530944558
"2009-10-19",87.0990350736952
"2009-10-20",87.7347027929169
"2009-10-21",88.2545789999667
"2009-10-22",88.7886022473521
"2009-10-23",89.3089852332548
"2009-10-26",90.0807285878644
"2009-10-27",89.8132086395516
"2009-10-28",90.0194139324366
"2009-10-29",89.2774472349705
"2009-10-30",89.4053406712522
"2009-11-02",89.3090582384432
"2009-11-03",89.2770597601571
"2009-11-04",89.1887837364509
"2009-11-05",91.0033593468353
"2009-11-06",90.9354256137545
"2009-11-09",90.0511166296903
"2009-11-10",89.6780267478002
"2009-11-11",90.6751480951908
"2009-11-12",89.902902018907
"2009-11-13",90.5735390378523
"2009-11-16",89.6963387991599
"2009-11-17",88.1881787346895
"2009-11-18",88.3399226961258
"2009-11-19",89.1258428878684
"2009-11-20",89.5730100005242
"2009-11-23",90.4063525932638
"2009-11-24",90.8364318030607
"2009-11-25",89.5523076400296
"2009-11-27",88.1277744407579
"2009-11-30",89.1268049587573
"2009-12-01",91.2349489469822
"2009-12-02",91.9924958726051
"2009-12-03",91.3902258699134
"2009-12-04",91.2543815060909
"2009-12-07",91.3149159294897
"2009-12-08",90.3566547597734
"2009-12-09",90.6708045585815
"2009-12-10",90.2952790737311
"2009-12-11",90.9500703561221
"2009-12-14",89.0020290001595
"2009-12-15",88.3330396684931
"2009-12-16",88.6901259596737
"2009-12-17",88.2972127364836
"2009-12-18",86.2895825607497
"2009-12-21",86.0012086915023
"2009-12-22",85.5983473620199
"2009-12-23",85.6968956157001
"2009-12-24",86.5113058713721
"2009-12-28",86.4431871943191
"2009-12-29",87.0227696139653
"2009-12-30",88.1448443375748
"2009-12-31",87.9910992097627
"2010-01-04",88.0349920732449
"2010-01-05",86.1802029005292
"2010-01-06",85.7507308024398
"2010-01-07",86.2985480564166
"2010-01-08",85.7117476027374
"2010-01-11",86.5297844410508
"2010-01-12",86.562428326466
"2010-01-13",85.7394580345621
"2010-01-14",85.3964863425409
"2010-01-15",85.9020654946276
"2010-01-19",86.3045798715283
"2010-01-20",86.5872558383939
"2010-01-21",86.8391720930644
"2010-01-22",88.0157682437765
"2010-01-25",87.991905661147
"2010-01-26",87.6131366824613
"2010-01-27",89.7204705333449
"2010-01-28",89.0864131032313
"2010-01-29",89.3996628987194
"2010-02-01",90.3566700266616
"2010-02-02",90.8032100259584
"2010-02-03",89.871113166936
"2010-02-04",90.2897836243414
"2010-02-05",90.0552696902137
"2010-02-08",90.0508376159829
"2010-02-09",89.2071695499046
"2010-02-10",88.7391350453874
"2010-02-11",89.0045168102407
"2010-02-12",88.778236428186
"2010-02-16",89.0650512220364
"2010-02-17",89.1926552066834
"2010-02-18",89.1833861458024
"2010-02-19",89.4954382418378
"2010-02-22",89.8284699635734
"2010-02-23",89.2434136854629
"2010-02-24",89.5167491126816
"2010-02-25",89.3801168013935
"2010-02-26",89.9798075136012
"2010-03-01",90.484614771402
"2010-03-02",90.7999835860367
"2010-03-03",89.3031404202252
"2010-03-04",88.6393010908598
"2010-03-05",87.0101029183909
"2010-03-08",86.1286945986439
"2010-03-09",85.8133682518994
"2010-03-10",85.7615616061885
"2010-03-11",86.0162597019849
"2010-03-12",86.1865213708949
"2010-03-15",85.7461870904727
"2010-03-16",84.785382753976
"2010-03-17",84.2462216454083
"2010-03-18",84.1049630223541
"2010-03-19",84.2258980296312
"2010-03-22",83.6124507198895
"2010-03-23",83.3431898054668
"2010-03-24",83.2226095785011
"2010-03-25",82.9791915469638
"2010-03-26",82.8114336331067
"2010-03-29",83.0633220228013
"2010-03-30",83.2363744559942
"2010-03-31",83.1354366022174
"2010-04-01",83.1261528960883
"2010-04-05",83.0059265755698
"2010-04-06",82.1171703719353
"2010-04-07",81.6950975212419
"2010-04-08",81.5761144443008
"2010-04-09",81.0541207420787
"2010-04-12",80.3569463850293
"2010-04-13",81.3082575117155
"2010-04-14",81.5215817322653
"2010-04-15",81.6656748018235
"2010-04-16",81.8369264148851
"2010-04-19",81.6538168638081
"2010-04-20",81.5906825576052
"2010-04-21",82.008817196441
"2010-04-22",81.9697799978509
"2010-04-23",81.86900757279
"2010-04-26",80.707668369556
"2010-04-27",80.8271523444547
"2010-04-28",81.0231557338763
"2010-04-29",81.1127259859807
"2010-04-30",82.0207769805055
"2010-05-03",82.2576023845721
"2010-05-04",81.3178195914102
"2010-05-05",81.2109883027827
"2010-05-06",81.1925704790316
"2010-05-07",81.2010825009786
"2010-05-10",80.891711360927
"2010-05-11",80.6772023835
"2010-05-12",80.4134984721783
"2010-05-13",80.9348097330672
"2010-05-14",80.9888880909402
"2010-05-17",80.9993273539253
"2010-05-18",80.3967235412433
"2010-05-19",80.334066198035
"2010-05-20",80.4728709370722
"2010-05-21",80.3655121255891
"2010-05-24",79.5251328030045
"2010-05-25",79.4143166402373
"2010-05-26",79.0591271484332
"2010-05-27",79.2586167914745
"2010-05-28",79.7929934502635
"2010-06-01",80.770542799426
"2010-06-02",80.8522108010781
"2010-06-03",80.9006115724656
"2010-06-04",80.8936443045128
"2010-06-07",80.711456975852
"2010-06-08",81.1161169733534
"2010-06-09",80.6909663527256
"2010-06-10",80.2142722631354
"2010-06-11",80.8210438264919
"2010-06-14",80.1080208734864
"2010-06-15",80.3095690457026
"2010-06-16",79.7919752370988
"2010-06-17",79.7199881148798
"2010-06-18",79.9832168878964
"2010-06-21",79.8078777478692
"2010-06-22",79.9339285556658
"2010-06-23",80.0392864346262
"2010-06-24",80.1780419620544
"2010-06-25",80.1235079982828
"2010-06-28",79.2145451489352
"2010-06-29",78.7091517667434
"2010-06-30",78.5333274756522
"2010-07-01",78.1255505881781
"2010-07-02",78.1615768581488
"2010-07-06",77.4570680340536
"2010-07-07",76.9716478856584
"2010-07-08",75.885837111413
"2010-07-09",76.0380261641129
"2010-07-12",75.9191876387228
"2010-07-13",75.5213631524585
"2010-07-14",75.6176096724354
"2010-07-15",76.3558684499997
"2010-07-16",76.5269553005193
"2010-07-19",76.3568430775585
"2010-07-20",76.133932459176
"2010-07-21",75.9008488157139
"2010-07-22",75.8964268119116
"2010-07-23",76.2182838890703
"2010-07-26",76.3280831233581
"2010-07-27",76.2591397265627
"2010-07-28",75.8219148137641
"2010-07-29",76.1957070324765
"2010-07-30",75.1946166301254
"2010-08-02",75.2004721713233
"2010-08-03",74.7816613297859
"2010-08-04",74.6681263542966
"2010-08-05",75.0570524027814
"2010-08-06",75.148243164879
"2010-08-09",75.2497349828293
"2010-08-10",74.7634931942864
"2010-08-11",74.6783697878767
"2010-08-12",74.5002451760715
"2010-08-13",74.4638302712691
"2010-08-16",74.3662563030772
"2010-08-17",74.9997114623076
"2010-08-18",74.4332294241159
"2010-08-19",74.420006945804
"2010-08-20",74.6508271564266
"2010-08-23",74.7511336020052
"2010-08-24",74.9672648134911
"2010-08-25",75.0738379343275
"2010-08-26",75.4724917103883
"2010-08-27",75.3962481622075
"2010-08-30",75.5704879528201
"2010-08-31",75.7176878799006
"2010-09-01",75.5973480542972
"2010-09-02",75.6122444522215
"2010-09-03",74.6122623973104
"2010-09-07",74.2622827592986
"2010-09-08",73.9633604009254
"2010-09-09",73.9037671107871
"2010-09-10",73.5968340506641
"2010-09-13",73.4840593016732
"2010-09-14",73.9489931162789
"2010-09-15",73.5709502024735
"2010-09-16",73.7086187554104
"2010-09-17",73.2484921416233
"2010-09-20",72.8217767719396
"2010-09-21",73.205170481495
"2010-09-22",73.1111626959901
"2010-09-23",73.0583061429781
"2010-09-24",73.9909648864603
"2010-09-27",73.7583361793504
"2010-09-28",73.4085036909036
"2010-09-29",72.531715008164
"2010-09-30",72.335010102154
"2010-10-01",72.7040173248345
"2010-10-04",72.9151502310602
"2010-10-05",73.077536410828
"2010-10-06",72.9360904604706
"2010-10-07",73.4037589553623
"2010-10-08",73.3487813007973
"2010-10-11",73.1747995135633
"2010-10-12",72.8148426791545
"2010-10-13",72.5891504276766
"2010-10-14",72.4131814652016
"2010-10-15",72.4007802760206
"2010-10-18",72.6293889446753
"2010-10-19",72.0805923470577
"2010-10-20",72.3151927676533
"2010-10-21",72.6023415209923
"2010-10-22",72.0252663394823
"2010-10-25",71.5847230716857
"2010-10-26",70.8040493129883
"2010-10-27",71.461584852
"2010-10-28",72.1014130755145
"2010-10-29",72.2635471309713
"2010-11-01",72.7227304142656
"2010-11-02",72.3786265323641
"2010-11-03",72.4530267043832
"2010-11-04",72.1357951879066
"2010-11-05",72.8685501954131
"2010-11-08",72.5340708374428
"2010-11-09",72.7841913262819
"2010-11-10",72.5387037301558
"2010-11-11",72.3749524930222
"2010-11-12",72.4855505896545
"2010-11-15",72.3097329938822
"2010-11-16",72.1264937468548
"2010-11-17",71.6719420709397
"2010-11-18",71.399016384491
"2010-11-19",71.6413980716481
"2010-11-22",71.8571575642999
"2010-11-23",72.0473387356144
"2010-11-24",71.8551448131562
"2010-11-26",72.1464061259735
"2010-11-29",72.6452520654831
"2010-11-30",72.1525380266543
"2010-12-01",71.4954231729085
"2010-12-02",71.478885170984
"2010-12-03",71.6026371921565
"2010-12-06",71.2470557517333
"2010-12-07",71.4540893462618
"2010-12-08",71.505047042609
"2010-12-09",71.3389204032617
"2010-12-10",71.2673215790946
"2010-12-13",70.9874966023096
"2010-12-14",71.4760919784563
"2010-12-15",70.9883195756125
"2010-12-16",69.3263428405403
"2010-12-17",68.2318566926575
"2010-12-20",68.4819959691353
"2010-12-21",69.0788757726001
"2010-12-22",69.1124732468492
"2010-12-23",68.6006099533214
"2010-12-27",68.9819705286456
"2010-12-28",69.2945466762354
"2010-12-29",69.3798867590017
"2010-12-30",69.562445957821
"2010-12-31",69.2866492003073
"2011-01-03",69.083327943226
"2011-01-04",69.2145169301309
"2011-01-05",69.0973344702749
"2011-01-06",69.4778512620559
"2011-01-07",69.3119903736006
"2011-01-10",69.0910445849422
"2011-01-11",69.2375005265766
"2011-01-12",69.1276095770223
"2011-01-13",68.9323234856817
"2011-01-14",68.9438687567437
"2011-01-18",68.9356319157011
"2011-01-19",68.9525114875103
"2011-01-20",69.0548491342687
"2011-01-21",69.1585405198849
"2011-01-24",69.0975578778236
"2011-01-25",69.3346227419919
"2011-01-26",69.4094525038519
"2011-01-27",68.4830563757687
"2011-01-28",68.4872665436984
"2011-01-31",68.1788711272213
"2011-02-01",68.3698579889142
"2011-02-02",68.729923619514
"2011-02-03",68.6570396033992
"2011-02-04",68.5061753596766
"2011-02-07",68.5363322073787
"2011-02-08",68.5166009952434
"2011-02-09",68.6242811620848
"2011-02-10",68.8891630544128
"2011-02-11",69.3424512165787
"2011-02-14",69.3863677084194
"2011-02-15",69.0771699980996
"2011-02-16",69.0807444970543
"2011-02-17",69.5893723750211
"2011-02-18",69.65174720174
"2011-02-22",69.6735141876439
"2011-02-23",69.2834624146034
"2011-02-24",69.234025086653
"2011-02-25",68.9532746287707
"2011-02-28",68.335080976359
"2011-03-01",68.183733090726
"2011-03-02",68.9385548734881
"2011-03-03",69.3760492909653
"2011-03-04",69.5102148369799
"2011-03-07",69.5495309836678
"2011-03-08",69.6378528061672
"2011-03-09",69.5878056238339
"2011-03-10",69.2512616085448
"2011-03-11",69.6363884393386
"2011-03-14",69.4912623554866
"2011-03-15",69.0267392291003
"2011-03-16",68.5376494458958
"2011-03-17",68.761616762673
"2011-03-18",69.0787221878724
"2011-03-21",69.7386835087745
"2011-03-22",69.7115270246954
"2011-03-23",69.9035473714731
"2011-03-24",70.2099646050238
"2011-03-25",70.0938151221673
"2011-03-28",69.7090437717202
"2011-03-29",69.5260309326581
"2011-03-30",69.5370671715515
"2011-03-31",69.6157885860649
"2011-04-01",69.3309071847339
"2011-04-04",69.3570364205565
"2011-04-05",69.835161821013
"2011-04-06",69.5467053771676
"2011-04-07",69.8762221592758
"2011-04-08",70.1235613491868
"2011-04-11",70.0739154613473
"2011-04-12",70.1602991879216
"2011-04-13",70.4727313963418
"2011-04-14",70.6265969555213
"2011-04-15",70.7971665115333
"2011-04-18",70.6065218753053
"2011-04-19",70.5748580593322
"2011-04-20",70.5162230177499
"2011-04-21",70.6190479265824
"2011-04-25",70.0967736724407
"2011-04-26",69.7268650377733
"2011-04-27",69.4492538694832
"2011-04-28",70.3162560043658
"2011-04-29",71.5244303873213
"2011-05-02",71.9506601609665
"2011-05-03",72.3878066055298
"2011-05-04",72.66831672053
"2011-05-05",71.9211150008549
"2011-05-06",72.2031824907205
"2011-05-09",71.9378207086725
"2011-05-10",71.3179681009745
"2011-05-11",72.0059075523016
"2011-05-12",72.0824327270709
"2011-05-13",71.8217729099231
"2011-05-16",71.8379669593799
"2011-05-17",71.6433613902534
"2011-05-18",71.5430415132267
"2011-05-19",71.6442293472958
"2011-05-20",71.5209092249815
"2011-05-23",71.4507496823775
"2011-05-24",71.3360374104165
"2011-05-25",71.4474334779842
"2011-05-26",71.4367298950203
"2011-05-27",71.0857126535147
"2011-05-31",71.358710095537
"2011-06-01",70.8046268066682
"2011-06-02",70.5709401407533
"2011-06-03",70.7175611602836
"2011-06-06",70.5715312945004
"2011-06-07",70.5730610209158
"2011-06-08",70.4287710563252
"2011-06-09",70.4865726992599
"2011-06-10",70.5383067562893
"2011-06-13",70.3476286235914
"2011-06-14",70.1974371142271
"2011-06-15",70.264144430921
"2011-06-16",70.3060620018853
"2011-06-17",69.9239576195689
"2011-06-20",69.7090056317079
"2011-06-21",69.7429299542525
"2011-06-22",69.7472641053214
"2011-06-23",69.8176753193267
"2011-06-24",69.4960611341247
"2011-06-27",69.4881324529775
"2011-06-28",69.5382723139813
"2011-06-29",69.3660801624608
"2011-06-30",69.2667538608929
"2011-07-01",69.1011176341815
"2011-07-05",68.8296269041125
"2011-07-06",68.6405076529628
"2011-07-07",68.633987291231
"2011-07-08",68.1254134002778
"2011-07-11",67.8204661031178
"2011-07-12",67.6816995810452
"2011-07-13",67.5241370305507
"2011-07-14",67.7861762199696
"2011-07-15",68.6112983330754
"2011-07-18",68.7604627701737
"2011-07-19",68.7673319599788
"2011-07-20",68.6309063676367
"2011-07-21",68.667191817792
"2011-07-22",68.5695819873688
"2011-07-25",68.1975124047746
"2011-07-26",68.1418642448402
"2011-07-27",68.0918997225696
"2011-07-28",67.8323585674352
"2011-07-29",68.3387800477097
"2011-08-01",68.2787879306074
"2011-08-02",67.4376127741356
"2011-08-03",69.9717384827323
"2011-08-04",69.7287373281412
"2011-08-05",69.7000874206696
"2011-08-08",69.5438182638245
"2011-08-09",69.6146217741234
"2011-08-10",69.758168231036
"2011-08-11",69.4787274602773
"2011-08-12",69.7831324119782
"2011-08-15",70.4453243459676
"2011-08-16",70.5038513886685
"2011-08-17",70.6724731905632
"2011-08-18",70.293087607519
"2011-08-19",70.0074366108773
"2011-08-22",70.0192112843012
"2011-08-23",69.8438542516331
"2011-08-24",69.5601339224812
"2011-08-25",69.0217423833605
"2011-08-26",69.0127207628281
"2011-08-29",69.13245668802
"2011-08-30",69.4953346298236
"2011-08-31",69.3049005210676
"2011-09-01",68.9308548673945
"2011-09-02",68.3828811931311
"2011-09-06",68.1906810795295
"2011-09-07",68.9454316109933
"2011-09-08",68.3796384936487
"2011-09-09",68.1406175532594
"2011-09-12",68.0430696900749
"2011-09-13",68.6280494262084
"2011-09-14",69.0220382119633
"2011-09-15",69.6045437361256
"2011-09-16",69.8206780592596
"2011-09-19",69.3121048825013
"2011-09-20",68.3120847553956
"2011-09-21",68.6166350234812
"2011-09-22",66.8631892714448
"2011-09-23",67.4320412607794
"2011-09-26",67.9813957766493
"2011-09-27",68.7511629453128
"2011-09-28",68.411878211576
"2011-09-29",68.630584502446
"2011-09-30",69.2141835380725
"2011-10-03",69.838957678328
"2011-10-04",71.0905545749363
"2011-10-05",71.3473023711975
"2011-10-06",72.2324674350091
"2011-10-07",71.5998363240497
"2011-10-10",72.4724749619167
"2011-10-11",71.7264552143868
"2011-10-12",72.5075868648375
"2011-10-13",72.6573295491424
"2011-10-14",72.5668393058746
"2011-10-17",71.6407148431086
"2011-10-18",72.0266228868687
"2011-10-19",71.181287333382
"2011-10-20",71.7978998069198
"2011-10-21",71.7752748532202
"2011-10-24",71.9662447575183
"2011-10-25",71.7479573461556
"2011-10-26",73.1061034741487
"2011-10-27",73.5965670287886
"2011-10-28",73.627154490673
"2011-10-31",73.5958455130859
"2011-11-01",73.1187381146764
"2011-11-02",74.3383165715755
"2011-11-03",74.389071076148
"2011-11-04",73.9646494951885
"2011-11-07",74.7127477010068
"2011-11-08",74.8152012107097
"2011-11-09",75.1177211492123
"2011-11-10",74.3796744554462
"2011-11-11",74.9220209382705
"2011-11-14",74.4849395739404
"2011-11-15",74.5416938517354
"2011-11-16",74.0055426778138
"2011-11-17",73.5633761395994
"2011-11-18",73.1318543937027
"2011-11-21",72.3542886819471
"2011-11-22",72.1300992818812
"2011-11-23",71.2332540533519
"2011-11-25",70.7263975515932
"2011-11-28",70.3739438539945
"2011-11-29",70.024693704743
"2011-11-30",70.6206999259462
"2011-12-01",70.083382259968
"2011-12-02",70.3454758881608
"2011-12-05",70.429136280792
"2011-12-06",71.0111738911502
"2011-12-07",70.3363238764426
"2011-12-08",69.9815177214301
"2011-12-09",70.1217229912484
"2011-12-12",70.0803725266499
"2011-12-13",70.0220228927902
"2011-12-14",69.79099945192
"2011-12-15",70.0978655963675
"2011-12-16",69.2859452188089
"2011-12-19",68.9554507074102
"2011-12-20",69.7686942993398
"2011-12-21",69.8691779273309
"2011-12-22",70.3429596167319
"2011-12-23",70.011927728451
"2011-12-27",69.8842650780584
"2011-12-28",69.590269429784
"2011-12-29",69.5123717635954
"2011-12-30",69.2184887324475
"2012-01-03",68.61480429438
"2012-01-04",68.400304295512
"2012-01-05",68.0537656819666
"2012-01-06",68.2983462782289
"2012-01-09",68.1171973578479
"2012-01-10",68.4534476618952
"2012-01-11",68.5028450053811
"2012-01-12",69.2954824367791
"2012-01-13",68.6187766678333
"2012-01-17",68.1953618505886
"2012-01-18",67.5667239160953
"2012-01-19",67.0946343544897
"2012-01-20",67.39036499884
"2012-01-23",67.2670920092401
"2012-01-24",67.2495645199287
"2012-01-25",67.14255635505
"2012-01-26",66.5495203774719
"2012-01-27",66.8786698372522
"2012-01-30",67.1389451556841
"2012-01-31",67.0218080187414
"2012-02-01",66.795102214713
"2012-02-02",66.1560732903411
"2012-02-03",64.8344080703088
"2012-02-06",65.1445099715208
"2012-02-07",65.4700573540284
"2012-02-08",65.3919111991112
"2012-02-09",65.1234530105384
"2012-02-10",65.220396931318
"2012-02-13",64.2118305157246
"2012-02-14",64.4444830678008
"2012-02-15",64.6380919875499
"2012-02-16",63.9550368191763
"2012-02-17",65.0166888468124
"2012-02-21",64.6330134552263
"2012-02-22",65.5205355144551
"2012-02-23",65.0538047420553
"2012-02-24",65.3025668070909
"2012-02-27",65.1958197037482
"2012-02-28",65.0090194365761
"2012-02-29",65.7254440762108
"2012-03-01",65.2822280321661
"2012-03-02",65.5764971619608
"2012-03-05",65.7211515692219
"2012-03-06",66.3217488186009
"2012-03-07",66.0649238382718
"2012-03-08",65.6746255699683
"2012-03-09",66.0106427624767
"2012-03-12",66.0412709853253
"2012-03-13",66.1484870413732
"2012-03-14",65.9011348273809
"2012-03-15",65.4313344637174
"2012-03-16",65.4367524158072
"2012-03-19",65.3085303702253
"2012-03-20",65.170314287953
"2012-03-21",65.0178037217767
"2012-03-22",64.9636669943253
"2012-03-23",64.8478164345198
"2012-03-26",64.3969605124358
"2012-03-27",64.8415844265743
"2012-03-28",64.668242512782
"2012-03-29",64.6039262999676
"2012-03-30",65.1371375403049
"2012-04-02",64.83887485524
"2012-04-03",64.7916893128631
"2012-04-04",65.2325884233691
"2012-04-05",65.4920360101969
"2012-04-09",65.975029782009
"2012-04-10",66.1476100642481
"2012-04-11",66.1207761017572
"2012-04-12",66.1824387546592
"2012-04-13",66.3159940127212
"2012-04-16",66.6991951084326
"2012-04-17",66.4143901121479
"2012-04-18",66.6151751744711
"2012-04-19",67.1753758456081
"2012-04-20",66.9161778141673
"2012-04-23",66.594214851179
"2012-04-24",65.9724121515378
"2012-04-25",65.9615273359342
"2012-04-26",65.4880271585341
"2012-04-27",64.9990313863737
"2012-04-30",64.8910228539931
"2012-05-01",64.7407326725298
"2012-05-02",64.2354210820381
"2012-05-03",64.4386890111249
"2012-05-04",64.5457227395329
"2012-05-07",64.9959627003408
"2012-05-08",66.8104938307103
"2012-05-09",65.5221321302559
"2012-05-10",66.1825650660761
"2012-05-11",66.0355784485917
"2012-05-14",66.5458103784475
"2012-05-15",65.5216745507043
"2012-05-16",66.2487014101627
"2012-05-17",67.0644378123504
"2012-05-18",66.6450563603018
"2012-05-21",66.968479736857
"2012-05-22",67.3013552225719
"2012-05-23",67.2568405426085
"2012-05-24",67.1787094704819
"2012-05-25",67.3860716534734
"2012-05-29",67.2045014238271
"2012-05-30",67.4138352361742
"2012-05-31",67.6096870350733
"2012-06-01",68.1402102569925
"2012-06-04",68.645386231122
"2012-06-05",68.3957037789204
"2012-06-06",67.569626740736
"2012-06-07",67.4490916099157
"2012-06-08",67.2125471502663
"2012-06-11",67.4079851419768
"2012-06-12",67.012097906397
"2012-06-13",66.8166527915141
"2012-06-14",66.4783200965011
"2012-06-15",66.6332261168899
"2012-06-18",66.9576544382398
"2012-06-19",67.0327255177718
"2012-06-20",67.2969081548048
"2012-06-21",67.126970627451
"2012-06-22",67.2332504682034
"2012-06-25",67.0823190227478
"2012-06-26",67.0848267052768
"2012-06-27",67.3172634530146
"2012-06-28",67.233832111713
"2012-06-29",67.2048693814289
"2012-07-02",66.5187637310529
"2012-07-03",66.8775776222928
"2012-07-05",66.5968232915128
"2012-07-06",66.2907137780906
"2012-07-09",66.457274356954
"2012-07-10",66.5206543935716
"2012-07-11",66.9860756969301
"2012-07-12",66.6061834428255
"2012-07-13",66.2181143658399
"2012-07-16",66.7870957554447
"2012-07-17",67.4276672309762
"2012-07-18",67.7235151977248
"2012-07-19",67.7506323497178
"2012-07-20",67.5782726941772
"2012-07-23",67.3525005716287
"2012-07-24",67.0682858749606
"2012-07-25",67.3146581475586
"2012-07-26",67.1753120670993
"2012-07-27",67.1456290042539
"2012-07-30",66.9807936232158
"2012-07-31",66.9723085717375
"2012-08-01",65.7560824157351
"2012-08-02",65.7659684433491
"2012-08-03",65.7115271903343
"2012-08-06",65.762137435148
"2012-08-07",65.4327294746665
"2012-08-08",65.7666886672739
"2012-08-09",65.3175925859563
"2012-08-10",65.4724002747706
"2012-08-13",65.1535703865857
"2012-08-14",65.8140291761399
"2012-08-15",66.1771870075815
"2012-08-16",65.8096855035448
"2012-08-17",66.557114636346
"2012-08-20",66.4822376747126
"2012-08-21",66.4097993567446
"2012-08-22",66.5190633043028
"2012-08-23",66.3994822725611
"2012-08-24",66.6146814061204
"2012-08-27",66.4912674313761
"2012-08-28",66.4395650293765
"2012-08-29",66.6719681273885
"2012-08-30",66.524451610559
"2012-08-31",66.117141934125
"2012-09-04",66.369055343973
"2012-09-05",67.0656816104522
"2012-09-06",66.9297679785601
"2012-09-07",66.1159248508533
"2012-09-10",65.6454526711647
"2012-09-11",65.1580454142137
"2012-09-12",65.0823163717466
"2012-09-13",65.0114296369774
"2012-09-14",64.9157349622346
"2012-09-17",65.509014581476
"2012-09-18",65.3080035536343
"2012-09-19",65.7417178086703
"2012-09-20",65.661068185513
"2012-09-21",65.5134280620225
"2012-09-24",65.5503517455489
"2012-09-25",65.3823864149749
"2012-09-26",65.4428318380342
"2012-09-27",64.1857898954335
"2012-09-28",64.4500995625084
"2012-10-01",64.7978261469051
"2012-10-02",64.7536516106093
"2012-10-03",64.9192517230677
"2012-10-04",64.6092306590294
"2012-10-05",64.4184667190392
"2012-10-08",64.3319743548494
"2012-10-09",64.2675095831102
"2012-10-10",64.959289655231
"2012-10-11",65.7072127413182
"2012-10-12",64.5025510614938
"2012-10-15",64.1905350381305
"2012-10-16",64.145359775792
"2012-10-17",64.0832711944121
"2012-10-18",63.9477220494546
"2012-10-19",63.7105003583508
"2012-10-22",63.2960335521501
"2012-10-23",63.4251264841982
"2012-10-24",63.6546955774049
"2012-10-25",63.2118516300221
"2012-10-26",64.0352354036335
"2012-10-31",64.2342210050203
"2012-11-01",65.5260678427581
"2012-11-02",65.3102185488099
"2012-11-05",65.0846117701901
"2012-11-06",65.7629165968845
"2012-11-07",66.2470175673886
"2012-11-08",66.9380088922005
"2012-11-09",67.4018581165053
"2012-11-12",67.043538973064
"2012-11-13",66.5694586526154
"2012-11-14",66.6958793375758
"2012-11-15",65.8075094416975
"2012-11-16",65.4147541955306
"2012-11-19",65.2895104215388
"2012-11-20",65.7894470322712
"2012-11-21",65.9278391872723
"2012-11-23",65.9608443859944
"2012-11-26",66.0518601164585
"2012-11-27",65.375383051941
"2012-11-28",66.0892010238609
"2012-11-29",65.9694006211818
"2012-11-30",65.869913081401
"2012-12-03",65.6023835598536
"2012-12-04",64.6115387090131
"2012-12-05",63.6894467109511
"2012-12-06",63.9451953212672
"2012-12-07",64.1579127598089
"2012-12-10",63.727164142228
"2012-12-11",64.0242309707584
"2012-12-12",64.0021007046538
"2012-12-13",63.9016593212722
"2012-12-14",64.2574807611974
"2012-12-17",64.397044391416
"2012-12-18",63.9968597924701
"2012-12-19",64.3940665055897
"2012-12-20",64.5996292330049
"2012-12-21",64.441152351361
"2012-12-24",64.42609679776
"2012-12-26",64.2181007730773
"2012-12-27",63.5216699133346
"2012-12-28",63.7556083317275
"2012-12-31",63.9001762676307
"2013-01-02",64.0470962261361
"2013-01-03",63.7767584439755
"2013-01-04",63.8994150073085
"2013-01-07",63.949877240313
"2013-01-08",63.9530166959476
"2013-01-09",64.3464905026911
"2013-01-10",64.2304785455633
"2013-01-11",64.1940904288548
"2013-01-14",64.5728761278766
"2013-01-15",64.6317767155981
"2013-01-16",64.951079692421
"2013-01-17",64.6973879232005
"2013-01-18",64.6118615348082
"2013-01-22",64.3054574846206
"2013-01-23",64.2728091562631
"2013-01-24",64.3608095575965
"2013-01-25",64.1907691143639
"2013-01-28",64.8573771709926
"2013-01-29",64.5087109752993
"2013-01-30",64.1268404751011
"2013-01-31",65.4546785217023
"2013-02-01",66.0436041442006
"2013-02-04",66.6205898353692
"2013-02-05",66.2943667506297
"2013-02-06",65.9596411086675
"2013-02-07",66.3957727176593
"2013-02-08",66.2760334803537
"2013-02-11",66.5607112622312
"2013-02-12",66.0714176992489
"2013-02-13",65.9088147522324
"2013-02-14",65.827646987067
"2013-02-15",65.7884563378135
"2013-02-19",65.4121201691725
"2013-02-20",66.4404809075775
"2013-02-21",66.4415375319283
"2013-02-22",66.5302450729817
"2013-02-25",66.7902966830088
"2013-02-26",67.0468429468984
"2013-02-27",67.1961059284354
"2013-02-28",67.0840666137118
"2013-03-01",67.3452127461742
"2013-03-04",67.4210059981038
"2013-03-05",67.4429834791292
"2013-03-06",67.4153274119904
"2013-03-07",66.9386904923874
"2013-03-08",66.9928041444518
"2013-03-11",67.2114922060148
"2013-03-12",67.1210104157823
"2013-03-13",67.5217202646892
"2013-03-14",67.4174273143654
"2013-03-15",67.3119582730423
"2013-03-18",67.5437498122583
"2013-03-19",67.9974573123552
"2013-03-20",68.0200959149438
"2013-03-21",67.7676732831277
"2013-03-22",67.7648460388269
"2013-03-25",67.8980383984686
"2013-03-26",67.7111996867613
"2013-03-27",67.7928491713965
"2013-03-28",67.9890215159571
"2013-04-01",67.7380305544827
"2013-04-02",67.7656391046804
"2013-04-03",68.0374278495141
"2013-04-04",67.7344472256381
"2013-04-05",67.9684755579437
"2013-04-08",67.83144527269
"2013-04-09",67.4161965891346
"2013-04-10",67.3521901143236
"2013-04-11",67.3274464417409
"2013-04-12",67.8061791038474
"2013-04-15",67.6120208408815
"2013-04-16",67.2826864503267
"2013-04-17",67.1829554544846
"2013-04-18",67.0450760623723
"2013-04-19",67.3131264867082
"2013-04-22",67.2804333064171
"2013-04-23",67.1665969686366
"2013-04-24",67.9289122107176
"2013-04-25",67.6775612781497
"2013-04-26",67.7546877251086
"2013-04-29",67.9784926413138
"2013-04-30",69.1092752912814
"2013-05-01",69.47422112898
"2013-05-02",69.5396488779558
"2013-05-03",69.2728168501187
"2013-05-06",68.9168235309529
"2013-05-07",68.7531264280582
"2013-05-08",68.9850367130574
"2013-05-09",69.2125871641939
"2013-05-10",69.6960622339525
"2013-05-13",69.7726127372811
"2013-05-14",69.5929622491472
"2013-05-15",69.7958116786322
"2013-05-16",69.6913288390345
"2013-05-17",69.3502590004029
"2013-05-20",68.9308240124496
"2013-05-21",69.1889816335375
"2013-05-22",69.0031711379015
"2013-05-23",69.0108077319657
"2013-05-24",69.4061197289258
"2013-05-28",69.0466019781136
"2013-05-29",68.8972952260725
"2013-05-30",68.8731987403783
"2013-05-31",69.3102404540454
"2013-06-03",69.304789551587
"2013-06-04",69.0799832011636
"2013-06-05",69.1974095375657
"2013-06-06",69.6528736948588
"2013-06-07",69.1458769478331
"2013-06-10",69.0412270332214
"2013-06-11",69.3464345044506
"2013-06-12",69.7462992873579
"2013-06-13",69.8763731478136
"2013-06-14",69.9463099964689
"2013-06-17",69.8531101618947
"2013-06-18",69.9304394256294
"2013-06-19",69.9189659402454
"2013-06-20",69.9144183791368
"2013-06-21",69.8535403565874
"2013-06-24",70.2251985347866
"2013-06-25",70.3138252372687
"2013-06-26",70.4060769588685
"2013-06-27",70.6781910624569
"2013-06-28",70.696119783763
"2013-07-01",71.0638429507919
"2013-07-02",71.2273503396924
"2013-07-03",71.0729719666532
"2013-07-05",71.2353394778025
"2013-07-08",71.4739665578305
"2013-07-09",71.3749319780162
"2013-07-10",70.8160238030248
"2013-07-11",70.3029042985245
"2013-07-12",70.5822460542571
"2013-07-15",70.6810441202696
"2013-07-16",70.5755128422272
"2013-07-17",70.9196124544647
"2013-07-18",71.0679472765272
"2013-07-19",70.8535925851867
"2013-07-22",70.4890466458237
"2013-07-23",70.5006740571481
"2013-07-24",70.7891096231194
"2013-07-25",70.8504388611027
"2013-07-26",70.7955321725005
"2013-07-29",71.0405190315268
"2013-07-30",71.1635349451325
"2013-07-31",70.6052201036498
"2013-08-01",70.4749995994267
"2013-08-02",69.9068480457536
"2013-08-05",69.7983153565392
"2013-08-06",69.4746036518963
"2013-08-07",69.4620094393657
"2013-08-08",69.6506805549346
"2013-08-09",69.574834754084
"2013-08-12",69.4908196956236
"2013-08-13",69.6499723596815
"2013-08-14",69.498354482716
"2013-08-15",69.5793163949722
"2013-08-16",69.4092625627847
"2013-08-19",69.4766156803224
"2013-08-20",69.3064177616929
"2013-08-21",69.3825250634764
"2013-08-22",69.1467688332037
"2013-08-23",69.3015522919451
"2013-08-26",69.2024052932302
"2013-08-27",68.6099421713939
"2013-08-28",68.7637325735202
"2013-08-29",68.5226334962469
"2013-08-30",68.5013765416724
"2013-09-03",68.3762174020451
"2013-09-04",68.7304826683455
"2013-09-05",68.9771964989562
"2013-09-06",68.9544332932027
"2013-09-09",68.8813540959079
"2013-09-10",68.8890188006417
"2013-09-11",68.6319599596595
"2013-09-12",68.5022995332572
"2013-09-13",68.5184598250562
"2013-09-16",68.6181810660869
"2013-09-17",68.3473692256163
"2013-09-18",68.5721673512143
"2013-09-19",68.8435449566712
"2013-09-20",68.9288453418477
"2013-09-23",68.6034360135121
"2013-09-24",68.4938079433146
"2013-09-25",68.6599510897281
"2013-09-26",68.6043032764102
"2013-09-27",68.6349407401343
"2013-09-30",68.500370115025
"2013-10-01",68.8830676260981
"2013-10-02",69.0722341189227
"2013-10-03",69.0136217051436
"2013-10-04",69.3253657562048
"2013-10-07",69.5294604119096
"2013-10-08",69.4557748578306
"2013-10-09",69.0762931106149
"2013-10-10",68.9783653556202
"2013-10-11",68.7810410977202
"2013-10-14",68.8274395878418
"2013-10-15",68.6596315882843
"2013-10-16",68.4659608048323
"2013-10-17",69.4286087553872
"2013-10-18",69.7505362058813
"2013-10-21",69.8498688298187
"2013-10-22",69.4820760370182
"2013-10-23",69.9848401298726
"2013-10-24",70.1933969037755
"2013-10-25",69.9743303971225
"2013-10-28",70.2627560489157
"2013-10-29",70.1676191298125
"2013-10-30",69.9013409035318
"2013-10-31",70.092888230613
"2013-11-01",70.3280622739289
"2013-11-04",69.858886415642
"2013-11-05",69.8644903374553
"2013-11-06",69.8795638044437
"2013-11-07",69.8366366243402
"2013-11-08",69.9944159528838
"2013-11-11",70.0019641974976
"2013-11-12",69.8693065315859
"2013-11-13",69.5799013399822
"2013-11-14",69.6839009299362
"2013-11-15",69.5457029676875
"2013-11-18",70.0348123644563
"2013-11-19",69.9438038889205
"2013-11-20",69.7517675862153
"2013-11-21",69.4401831592316
"2013-11-22",69.4727292885663
"2013-11-25",69.3110952936678
"2013-11-26",69.0649836701138
"2013-11-27",69.3430758995359
"2013-11-29",69.4426649984712
"2013-12-02",69.5652140336034
"2013-12-03",69.5082613069619
"2013-12-04",69.4981685815125
"2013-12-05",68.9034146248334
"2013-12-06",69.1532265111359
"2013-12-09",69.6301370159028
"2013-12-10",69.6603801645289
"2013-12-11",69.5502155849116
"2013-12-12",69.561669586994
"2013-12-13",69.961093517219
"2013-12-16",69.8002750701057
"2013-12-17",69.7340479786267
"2013-12-18",69.7147958848044
"2013-12-19",69.7485361501417
"2013-12-20",69.9301104421637
"2013-12-23",69.6932430822542
"2013-12-24",69.9799116347515
"2013-12-26",69.9165722441288
"2013-12-27",70.3525714048498
"2013-12-30",70.4255901305608
"2013-12-31",70.6758858513581
"2014-01-02",70.6356565574357
"2014-01-03",69.9766628870716
"2014-01-06",70.3698567740547
"2014-01-07",70.5502208870949
"2014-01-08",70.8014361793222
"2014-01-09",70.9207127739045
"2014-01-10",71.2977096530249
"2014-01-13",70.93815500062
"2014-01-14",70.7344134655769
"2014-01-15",70.9097313570195
"2014-01-16",70.9108762132587
"2014-01-17",69.8709569753164
"2014-01-21",70.6006985743688
"2014-01-22",70.4003400057335
"2014-01-23",70.6090243436188
"2014-01-24",70.1550611113081
"2014-01-27",69.9156709020936
"2014-01-28",70.0818064928192
"2014-01-29",70.5726081298907
"2014-01-30",69.5177477606081
"2014-01-31",69.765842590583
"2014-02-03",69.7995206484876
"2014-02-04",69.8006959025206
"2014-02-05",69.9203243587684
"2014-02-06",69.1025887518885
"2014-02-07",69.2478780177001
"2014-02-10",69.8096983127188
"2014-02-11",70.3098586648932
"2014-02-12",70.262784144448
"2014-02-13",70.1879529043614
"2014-02-14",70.3458588867221
"2014-02-18",70.4957980787133
"2014-02-19",71.0685908812408
"2014-02-20",70.8710528308898
"2014-02-21",70.6573511437964
"2014-02-24",70.6446690847863
"2014-02-25",70.4032714846181
"2014-02-26",70.2439325193951
"2014-02-27",70.3300611788911
"2014-02-28",70.4158242805442
"2014-03-03",70.9052922528352
"2014-03-04",71.2283590226538
"2014-03-05",71.1539450117961
"2014-03-06",71.5618072905592
"2014-03-07",71.4427675369139
"2014-03-10",72.2631831530283
"2014-03-11",72.2180809856283
"2014-03-12",72.7591866619219
"2014-03-13",72.868898361293
"2014-03-14",71.9519859543612
"2014-03-17",72.8784640874525
"2014-03-18",72.7048316573567
"2014-03-19",73.2289939406177
"2014-03-20",73.5015276056371
"2014-03-21",73.6250739888831
"2014-03-24",73.5193847208207
"2014-03-25",73.2327425598293
"2014-03-26",73.2461450186017
"2014-03-27",73.0883619656218
"2014-03-28",73.4146312909704
"2014-03-31",73.6165143231869
"2014-04-01",73.3305570583197
"2014-04-02",73.5986319750512
"2014-04-03",73.6509849592877
"2014-04-04",73.8124092497585
"2014-04-07",73.9375390297166
"2014-04-08",74.1036776653518
"2014-04-09",74.2466043498733
"2014-04-10",74.2612243738056
"2014-04-11",74.1597940121473
"2014-04-14",74.0124428125845
"2014-04-15",74.4314638531968
"2014-04-16",74.6149675672884
"2014-04-17",74.4872123357469
"2014-04-21",74.8711255084213
"2014-04-22",74.4781744630842
"2014-04-23",74.3899960082332
"2014-04-24",74.2147088751631
"2014-04-25",74.1984266871125
"2014-04-28",73.7632732518099
"2014-04-29",74.0508542708654
"2014-04-30",73.9310231765815
"2014-05-01",74.2032012184658
"2014-05-02",74.5322600082489
"2014-05-05",74.3802336888157
"2014-05-06",74.2241885701425
"2014-05-07",74.2390490712699
"2014-05-08",74.0289938692067
"2014-05-09",74.7379771053778
"2014-05-12",74.478852684571
"2014-05-13",74.4291335236638
"2014-05-14",74.9075541851333
"2014-05-15",75.097595100876
"2014-05-16",75.0954183730861
"2014-05-19",75.3028319233225
"2014-05-20",75.6622499002775
"2014-05-21",75.6835679458233
"2014-05-22",75.3526179657648
"2014-05-23",75.5105821811639
"2014-05-27",75.6851275691047
"2014-05-28",75.6919379320675
"2014-05-29",75.4240809851643
"2014-05-30",75.199876119287
"2014-06-02",75.1460749737905
"2014-06-03",75.2240638562204
"2014-06-04",75.4365140422027
"2014-06-05",75.2783610139412
"2014-06-06",75.1681621294319
"2014-06-09",75.076071407032
"2014-06-10",75.0536106118433
"2014-06-11",75.02432877435
"2014-06-12",75.2673673098672
"2014-06-13",75.1534338201757
"2014-06-16",75.1794452338856
"2014-06-17",75.1386588459934
"2014-06-18",75.2628223920764
"2014-06-19",75.2407712842748
"2014-06-20",75.1133743471181
"2014-06-23",75.1319694257385
"2014-06-24",75.2329977312796
"2014-06-25",75.3566071217734
"2014-06-26",75.0834558773969
"2014-06-27",75.0748552803603
"2014-06-30",74.8356119390702
"2014-07-01",74.5383769694844
"2014-07-02",74.938170072364
"2014-07-03",75.0017033449332
"2014-07-07",75.1812543371253
"2014-07-08",74.7420492593177
"2014-07-09",75.3807587349165
"2014-07-10",75.4123540723506
"2014-07-11",76.2004958943703
"2014-07-14",75.9833682198848
"2014-07-15",76.8058325618112
"2014-07-16",76.9331275131708
"2014-07-17",77.1829596432613
"2014-07-18",77.55646625842
"2014-07-21",77.7687895122592
"2014-07-22",77.698423923343
"2014-07-23",78.8390971113735
"2014-07-24",79.1316677175837
"2014-07-25",78.5732784452895
"2014-07-28",78.1287261484439
"2014-07-29",78.5376793399775
"2014-07-30",78.4485397031079
"2014-07-31",78.4700272959701
"2014-08-01",77.8311164841479
"2014-08-04",79.1326032791989
"2014-08-05",78.4560799647414
"2014-08-06",78.6044466523303
"2014-08-07",77.9346049748942
"2014-08-08",79.4000302878714
"2014-08-11",79.6367875764054
"2014-08-12",78.8236683509637
"2014-08-13",79.1891278698028
"2014-08-14",78.4387070102214
"2014-08-15",78.9072273735912
"2014-08-18",78.155807550858
"2014-08-19",77.7713470818937
"2014-08-20",78.138402738342
"2014-08-21",78.2290936988988
"2014-08-22",78.5931256840304
"2014-08-25",79.4841392718633
"2014-08-26",79.4288714956691
"2014-08-27",79.205323557006
"2014-08-28",79.0066567633192
"2014-08-29",79.0885795082936
"2014-09-02",78.8097735712548
"2014-09-03",78.0728618107816
"2014-09-04",78.7684324277591
"2014-09-05",78.8219632286196
"2014-09-08",79.3921578039376
"2014-09-09",79.382759353438
"2014-09-10",79.4809222489305
"2014-09-11",79.8563893271065
"2014-09-12",80.2198862626189
"2014-09-15",80.5310823854085
"2014-09-16",80.3447606565279
"2014-09-17",80.6052358142763
"2014-09-18",81.1544588828552
"2014-09-19",81.4685943946809
"2014-09-22",81.8178665197351
"2014-09-23",82.1398506336155
"2014-09-24",82.0498937839541
"2014-09-25",81.6370524772799
"2014-09-26",80.3667068325836
"2014-09-29",80.752553888596
"2014-09-30",79.6874749830222
"2014-10-01",79.7422330895401
"2014-10-02",80.5245889883747
"2014-10-03",80.4052965249569
"2014-10-06",80.1577328845717
"2014-10-07",80.7857789889939
"2014-10-08",81.9084041798402
"2014-10-09",82.3408862025656
"2014-10-10",83.9831895195067
"2014-10-13",84.436795738761
"2014-10-14",83.5975581188611
"2014-10-15",83.9390584767044
"2014-10-16",84.8471166212861
"2014-10-17",84.3996613936039
"2014-10-20",84.7569438707367
"2014-10-21",84.3975041699037
"2014-10-22",84.0086770826155
"2014-10-23",83.852138200046
"2014-10-24",83.1147421197078
"2014-10-27",82.0720272246771
"2014-10-28",81.0303628792062
"2014-10-29",79.5287145491101
"2014-10-30",80.6691045593335
"2014-10-31",80.2773276407766
"2014-11-03",80.8747342206868
"2014-11-04",79.8678185064972
"2014-11-05",79.4982105319311
"2014-11-06",79.9274377499487
"2014-11-07",79.2626692865037
"2014-11-10",79.6376149103446
"2014-11-11",79.6926938084337
"2014-11-12",78.9637404461723
"2014-11-13",79.3597097133794
"2014-11-14",79.5674186960776
"2014-11-17",79.1540062436274
"2014-11-18",79.0624033863949
"2014-11-19",79.6452380183037
"2014-11-20",79.1930507832673
"2014-11-21",79.1883632877578
"2014-11-24",79.2671921949215
"2014-11-25",79.5738350251935
"2014-11-26",80.2850622109909
"2014-11-28",80.1122670806688
"2014-12-01",81.3909881993533
"2014-12-02",80.2097090333892
"2014-12-03",78.261533705179
"2014-12-04",77.9533484157505
"2014-12-05",77.6561496960556
"2014-12-08",78.8309786377988
"2014-12-09",77.6507282460275
"2014-12-10",78.2308518331261
"2014-12-11",78.852086521564
"2014-12-12",78.4371648944047
"2014-12-15",80.2751182385582
"2014-12-16",80.9042758342942
"2014-12-17",80.0499607206458
"2014-12-18",80.4251306681996
"2014-12-19",79.4119711672831
"2014-12-22",79.9610588799452
"2014-12-23",79.6870329782804
"2014-12-24",78.6368415707103
"2014-12-26",78.3544418863555
"2014-12-29",78.1436997020041
"2014-12-30",78.2138471181098
"2014-12-31",77.7504567776904
"2015-01-02",78.057110691244
"2015-01-05",78.4087025514083
"2015-01-06",77.9936517267724
"2015-01-07",78.0278065781556
"2015-01-08",78.4638372004741
"2015-01-09",78.8764495565301
"2015-01-12",79.5878554578062
"2015-01-13",79.3505498784525
"2015-01-14",78.6623179197406
"2015-01-15",78.9978829730029
"2015-01-16",78.4312932521821
"2015-01-20",79.3875471725086
"2015-01-21",78.6128386728152
"2015-01-22",78.6711313900128
"2015-01-23",77.8237375861249
"2015-01-26",77.3759734328322
"2015-01-27",76.2002728904024
"2015-01-28",77.4909618883795
"2015-01-29",76.5585088066755
"2015-01-30",75.845405109868
"2015-02-02",76.0909036889598
"2015-02-03",77.3255470271681
"2015-02-04",77.6031855139747
"2015-02-05",76.5139318226829
"2015-02-06",75.8389932194416
"2015-02-09",76.4370766182607
"2015-02-10",76.5286755201955
"2015-02-11",76.3844972788489
"2015-02-12",76.1680767611873
"2015-02-13",76.0694381533157
"2015-02-17",76.4972858089468
"2015-02-18",76.8425418267142
"2015-02-19",76.9362974497739
"2015-02-20",77.0530032260043
"2015-02-23",77.5825002905223
"2015-02-24",77.7443284857995
"2015-02-25",77.9719336070965
"2015-02-26",77.4687893592411
"2015-02-27",77.1321730420961
"2015-03-02",77.7485694496266
"2015-03-03",77.6233527006259
"2015-03-04",77.6580167534594
"2015-03-05",77.4311428017377
"2015-03-06",77.8599301310601
"2015-03-09",78.1245118505177
"2015-03-10",79.5379628668721
"2015-03-11",79.0466743065953
"2015-03-12",78.4492479744098
"2015-03-13",77.6640855243346
"2015-03-16",77.8328018920274
"2015-03-17",77.2441406799653
"2015-03-18",76.4790844851484
"2015-03-19",76.5996337177028
"2015-03-20",77.0049585397305
"2015-03-23",76.7588008392069
"2015-03-24",75.5344793682308
"2015-03-25",75.7381838249292
"2015-03-26",75.6572645621972
"2015-03-27",75.6135683780833
"2015-03-30",75.8572252629121
"2015-03-31",75.8885585654536
"2015-04-01",74.8649925042736
"2015-04-02",75.0653799336575
"2015-04-06",75.4448261827134
"2015-04-07",75.7793524867989
"2015-04-08",76.9961110121605
"2015-04-09",76.8093014034152
"2015-04-10",76.7049735773877
"2015-04-13",76.7867659940215
"2015-04-14",75.9964327634671
"2015-04-15",75.8275923069884
"2015-04-16",76.6720079632271
"2015-04-17",76.9050025775765
"2015-04-20",76.9410904718893
"2015-04-21",77.5420911660457
"2015-04-22",77.4117884501129
"2015-04-23",77.7151168033137
"2015-04-24",78.1155858430198
"2015-04-27",78.9533751740485
"2015-04-28",79.2698690739941
"2015-04-29",78.7315450912433
"2015-04-30",78.7973251993814
"2015-05-01",79.0116677425525
"2015-05-04",79.3452567969264
"2015-05-05",80.7436772217433
"2015-05-06",81.1345930127317
"2015-05-07",81.4216147226543
"2015-05-08",80.534839494508
"2015-05-11",80.6128960269074
"2015-05-12",80.2522572549833
"2015-05-13",80.5350958925526
"2015-05-14",80.6164967893439
"2015-05-15",80.456053606945
"2015-05-18",79.8098549310243
"2015-05-19",79.995294300818
"2015-05-20",79.9777525471009
"2015-05-21",80.0023567298327
"2015-05-22",79.7618192034584
"2015-05-26",80.6851912423056
"2015-05-27",80.724078437562
"2015-05-28",81.1386748322236
"2015-05-29",80.5690361536007
"2015-06-01",80.3325498050616
"2015-06-02",79.8367399537651
"2015-06-03",80.0384232395772
"2015-06-04",80.2814918069656
"2015-06-05",79.9425145205127
"2015-06-08",79.5085920233353
"2015-06-09",79.2930037060605
"2015-06-10",79.5399709057609
"2015-06-11",79.5635922671801
"2015-06-12",79.5623558821418
"2015-06-15",79.7624766560862
"2015-06-16",79.3483621809532
"2015-06-17",79.5687031620376
"2015-06-18",80.1014130392664
"2015-06-19",80.3002993252867
"2015-06-22",80.2953245471468
"2015-06-23",80.9216829329727
"2015-06-24",81.2027115852431
"2015-06-25",81.4709188656466
"2015-06-26",81.5039657843569
"2015-06-29",80.818181223903
"2015-06-30",81.1083368628715
"2015-07-01",82.2957093014173
"2015-07-02",82.4414136217609
"2015-07-06",82.7735493983978
"2015-07-07",82.5198070932884
"2015-07-08",83.3035041684691
"2015-07-09",82.80573732143
"2015-07-10",83.1908692401326
"2015-07-13",83.3804051481373
"2015-07-14",82.672266961841
"2015-07-15",83.686672739376
"2015-07-16",83.4644314335138
"2015-07-17",83.6187450715628
"2015-07-20",83.750866852353
"2015-07-21",83.630757548285
"2015-07-22",83.6919525258216
"2015-07-23",84.051066754341
"2015-07-24",84.769127165224
"2015-07-27",85.0502313498377
"2015-07-28",84.6428518273293
"2015-07-29",85.3629881089737
"2015-07-30",85.5932466246078
"2015-07-31",85.4605706994594
"2015-08-03",85.5418338399628
"2015-08-04",85.2521897727647
"2015-08-05",85.1041536890787
"2015-08-06",83.6993928148348
"2015-08-07",83.7652055777257
"2015-08-10",82.5200168112721
"2015-08-11",83.0404926761819
"2015-08-12",81.9189253191323
"2015-08-13",81.8557144792678
"2015-08-14",82.46103624375
"2015-08-17",82.8397526165485
"2015-08-18",82.3036218774368
"2015-08-19",82.8119669895952
"2015-08-20",82.7511576463895
"2015-08-21",82.7743182648412
"2015-08-24",83.9360661225276
"2015-08-25",84.7031278855845
"2015-08-26",83.8468838956908
"2015-08-27",82.6316537961878
"2015-08-28",82.9017817562011
"2015-08-31",83.195701107019
"2015-09-01",83.6205080997843
"2015-09-02",83.4452231980752
"2015-09-03",83.4468473348379
"2015-09-04",83.0826813833409
"2015-09-08",82.360956029957
"2015-09-09",82.8930225872036
"2015-09-10",82.0928093578499
"2015-09-11",81.5381416712383
"2015-09-14",81.6808070340951
"2015-09-15",81.9356052254352
"2015-09-16",82.9584527333989
"2015-09-17",83.131489611135
"2015-09-18",83.2085751944717
"2015-09-21",83.2049597701545
"2015-09-22",83.3744927218772
"2015-09-23",83.5723037823643
"2015-09-24",83.0129215476212
"2015-09-25",82.222934907285
"2015-09-28",83.0506645305144
"2015-09-29",83.1396269511615
"2015-09-30",83.056330476755
"2015-10-01",82.5312837877599
"2015-10-02",81.5378891344991
"2015-10-05",80.9735460465504
"2015-10-06",80.7944190855667
"2015-10-07",83.2358506753264
"2015-10-08",83.8375155841737
"2015-10-09",84.358660872788
"2015-10-12",85.1986694135101
"2015-10-13",85.0328125586645
"2015-10-14",84.8455256695297
"2015-10-15",85.5536181249085
"2015-10-16",85.4533679563436
"2015-10-19",86.0841959389809
"2015-10-20",85.340961923518
"2015-10-21",85.3310934167745
"2015-10-22",84.8503271226803
"2015-10-23",85.5858882202714
"2015-10-26",85.1717627364196
"2015-10-27",86.0937914613916
"2015-10-28",84.2692918579172
"2015-10-29",85.4693132547322
"2015-10-30",84.8864825581573
"2015-11-02",85.183387713479
"2015-11-03",85.2448033318049
"2015-11-04",85.2592706383118
"2015-11-05",86.0607202511438
"2015-11-06",85.4446146641914
"2015-11-09",84.6709157220806
"2015-11-10",84.7445062507315
"2015-11-11",84.1585203182526
"2015-11-12",84.1531940954276
"2015-11-13",84.4917127298113
"2015-11-16",84.6200683920966
"2015-11-17",84.6977863268055
"2015-11-18",84.1542373201622
"2015-11-19",84.8826628426637
"2015-11-20",84.6425551793347
"2015-11-23",84.7192576260631
"2015-11-24",84.2738961009748
"2015-11-25",84.3328723966916
"2015-11-27",84.9127687605759
"2015-11-30",84.6576169268073
"2015-12-01",85.2986940160976
"2015-12-02",84.5151950307541
"2015-12-03",84.2086826070153
"2015-12-04",83.8173031364999
"2015-12-07",83.9933522526047
"2015-12-08",83.9008000574501
"2015-12-09",83.7860921795443
"2015-12-10",83.7198310958965
"2015-12-11",83.808725889858
"2015-12-14",83.833228849584
"2015-12-15",83.2813075817699
"2015-12-16",83.7465694319634
"2015-12-17",83.841373619595
"2015-12-18",83.7081209256809
"2015-12-21",85.087592991212
"2015-12-22",84.7198427708114
"2015-12-23",84.6378601150278
"2015-12-24",85.0593858731651
"2015-12-28",85.2012367564846
"2015-12-29",85.4591992383182
"2015-12-30",85.6056038994303
"2015-12-31",85.7327708033851
"2016-01-04",86.4275732348837
"2016-01-05",86.5272658965877
"2016-01-06",85.8862313713695
"2016-01-07",86.1847682752628
"2016-01-08",85.7815151385459
"2016-01-11",87.1826880986474
"2016-01-12",86.6918519069714
"2016-01-13",86.4800841960446
"2016-01-14",86.0954996325516
"2016-01-15",85.5132627487938
"2016-01-19",86.1816631799944
"2016-01-20",86.349245303643
"2016-01-21",87.1556430152505
"2016-01-22",87.0298122124621
"2016-01-25",86.8071800105716
"2016-01-26",86.8084945148184
"2016-01-27",87.4167701092674
"2016-01-28",86.3533674107578
"2016-01-29",87.2269798582664
"2016-02-01",86.5769137823645
"2016-02-02",85.9586091740371
"2016-02-03",86.3014397171869
"2016-02-04",88.344722152091
"2016-02-05",89.1899758089409
"2016-02-08",88.3830673055726
"2016-02-09",89.2724234377017
"2016-02-10",88.5327069496789
"2016-02-11",87.7969501180032
"2016-02-12",87.3903705209905
"2016-02-16",87.4802257270283
"2016-02-17",87.6113847513802
"2016-02-18",84.451162348903
"2016-02-19",83.8216936726184
"2016-02-22",83.1051261979022
"2016-02-23",81.8102483826008
"2016-02-24",80.8808014590878
"2016-02-25",80.8139770787918
"2016-02-26",81.5352547483841
"2016-02-29",80.7918351075126
"2016-03-01",79.5054357810227
"2016-03-02",78.211857832892
"2016-03-03",80.3504097062277
"2016-03-04",85.9007640759322
"2016-03-07",91.5394181372519
"2016-03-08",85.4137016780153
"2016-03-09",92.1287784796493
"2016-03-10",91.0801091428602
"2016-03-11",92.8164936518005
"2016-03-14",91.4204391716739
"2016-03-15",90.2817445939088
"2016-03-16",91.3275620383751
"2016-03-17",89.8730423047286
"2016-03-18",86.3443965056976
"2016-03-21",88.4803517659208
"2016-03-22",88.3635982524651
"2016-03-23",87.9559728860302
"2016-03-24",87.7539851943479
"2016-03-28",88.493373502243
"2016-03-29",90.3122876186023
"2016-03-30",90.5442301079673
"2016-03-31",89.5340162643698
"2016-04-01",88.3745116252089
"2016-04-04",89.082102555439
"2016-04-05",89.1959509202999
"2016-04-06",89.1866088025432
"2016-04-07",90.0750996403222
"2016-04-08",91.2546580759082
"2016-04-11",91.7291100502296
"2016-04-12",91.4380589605871
"2016-04-13",88.5127097110969
"2016-04-14",88.7152946865079
"2016-04-15",89.2471574208591
"2016-04-18",88.5757297308725
"2016-04-19",88.9788830374925
"2016-04-20",89.8608097889711
"2016-04-21",89.1661025605654
"2016-04-22",89.8792017232283
"2016-04-25",89.0049455406
"2016-04-26",90.4519123552054
"2016-04-27",90.8983945968908
"2016-04-28",91.3205643127219
"2016-04-29",90.3643202312052
"2016-05-02",90.3762537921495
"2016-05-03",90.5200826751931
"2016-05-04",91.1454995244679
"2016-05-05",93.0429175562013
"2016-05-06",91.6367536222435
"2016-05-09",91.6891333948107
"2016-05-10",92.3051575082834
"2016-05-11",93.0691947598429
"2016-05-12",92.983744565642
"2016-05-13",93.485113831796
"2016-05-16",92.8351962678348
"2016-05-17",93.2098492617193
"2016-05-18",93.1491736865985
"2016-05-19",92.0624077575928
"2016-05-20",91.867349471385
"2016-05-23",91.0992869531601
"2016-05-24",89.900978086279
"2016-05-25",92.3768921783107
"2016-05-26",91.3437933352741
"2016-05-27",91.4125070558656
"2016-05-31",92.2456328262578
"2016-06-01",92.4061877076077
"2016-06-02",94.2681630509437
"2016-06-03",93.6000649907826
"2016-06-06",96.5316427815974
"2016-06-07",99.7205407565086
"2016-06-08",100.86976193285
"2016-06-09",100.604680124456
"2016-06-10",99.6221602624048
"2016-06-13",99.5014524478571
"2016-06-14",98.8592271093659
"2016-06-15",99.4428084556125
"2016-06-16",99.5857388872881
"2016-06-17",100.817408400383
"2016-06-20",100.815284382405
"2016-06-21",100.456372639893
"2016-06-22",101.513878290463
"2016-06-23",100.567984789968
"2016-06-24",98.3072762214694
"2016-06-27",99.7764301230909
"2016-06-28",100.314277579942
"2016-06-29",99.943173296953
"2016-06-30",98.1771413739189
"2016-07-01",97.8620914313813
"2016-07-05",96.9306218351309
"2016-07-06",96.8570782288855
"2016-07-07",96.3611832827581
"2016-07-08",96.2670791433538
"2016-07-11",95.6861963501667
"2016-07-12",96.6795924206575
"2016-07-13",96.393195543888
"2016-07-14",96.9147965152157
"2016-07-15",97.0038918635866
"2016-07-18",97.500516240499
"2016-07-19",97.8582821319777
"2016-07-20",97.487313253211
"2016-07-21",97.4069357814943
"2016-07-22",97.1136380369606
"2016-07-25",97.7267223605265
"2016-07-26",98.1592300461998
"2016-07-27",97.0104077053272
"2016-07-28",97.88490529425
"2016-07-29",97.6146374730409
"2016-08-01",97.1856499541059
"2016-08-02",97.0692341378419
"2016-08-03",97.9912967932719
"2016-08-04",97.8403673970942
"2016-08-05",97.4860407513629
"2016-08-08",97.8263769236477
"2016-08-09",97.2144994419236
"2016-08-10",96.8966335476667
"2016-08-11",96.6141959420587
"2016-08-12",96.2886583859671
"2016-08-15",95.9665954398251
"2016-08-16",96.1862967346957
"2016-08-17",95.5834062121038
"2016-08-18",96.0142105800774
"2016-08-19",95.5640835167875
"2016-08-22",94.9357012645777
"2016-08-23",94.6678487277875
"2016-08-24",93.6004026748928
"2016-08-25",92.9320651053399
"2016-08-26",92.1670057729799
"2016-08-29",92.1580264439706
"2016-08-30",92.2660751426058
"2016-08-31",91.7078724739958
"2016-09-01",91.4836073360496
"2016-09-02",90.8157756870695
"2016-09-06",90.6180963891119
"2016-09-07",90.237446274691
"2016-09-08",90.7022016102031
"2016-09-09",90.1754277068091
"2016-09-12",90.0049930276278
"2016-09-13",90.6171393943594
"2016-09-14",90.9768691108804
"2016-09-15",90.8364211626435
"2016-09-16",90.3145912733047
"2016-09-19",90.7483187804216
"2016-09-20",91.0793869305097
"2016-09-21",90.5615978014765
"2016-09-22",90.6507986054906
"2016-09-23",90.937556794611
"2016-09-26",91.4640161486699
"2016-09-27",91.889309126091
"2016-09-28",91.3836454284911
"2016-09-29",91.1888725550343
"2016-09-30",91.1806495900706
"2016-10-03",92.0574143117482
"2016-10-04",91.6207617045422
"2016-10-05",92.1688484071027
"2016-10-06",92.4774402581026
"2016-10-07",93.2158048712355
"2016-10-10",93.1720433551989
"2016-10-11",93.201953417459
"2016-10-12",93.0238597825347
"2016-10-13",93.5289054539744
"2016-10-14",94.0981139533173
"2016-10-17",94.3288585344772
"2016-10-18",94.7125292363457
"2016-10-19",94.9877072927178
"2016-10-20",94.2445907942437
"2016-10-21",94.0358206727832
"2016-10-24",93.5790337516254
"2016-10-25",93.8967578109287
"2016-10-26",93.5486013895628
"2016-10-27",93.612331989784
"2016-10-28",94.4343907065361
"2016-10-31",94.3233579226147
"2016-11-01",94.5869469950772
"2016-11-02",94.4389637834954
"2016-11-03",94.085537293493
"2016-11-04",93.9970115399592
"2016-11-07",93.941433170088
"2016-11-08",93.6168424512118
"2016-11-09",93.5705686292833
"2016-11-10",94.1970129713592
"2016-11-11",94.087865717723
"2016-11-14",94.4239663179395
"2016-11-15",94.4713953895177
"2016-11-16",94.2976689873003
"2016-11-17",94.1163628280531
"2016-11-18",94.1757728302381
"2016-11-21",93.7917361471468
"2016-11-22",93.2972050811753
"2016-11-23",92.8959220475548
"2016-11-25",92.7671153672799
"2016-11-28",93.0870198397284
"2016-11-29",92.9896683090641
"2016-11-30",91.906918656911
"2016-12-01",92.7287193220382
"2016-12-02",92.2999822950419
"2016-12-05",92.6243382630572
"2016-12-06",92.8116983463084
"2016-12-07",92.0579990818636
"2016-12-08",92.4862462497639
"2016-12-09",92.8679312016144
"2016-12-12",93.1905490669729
"2016-12-13",92.9090630305127
"2016-12-14",93.1290766775177
"2016-12-15",93.1592927762768
"2016-12-16",93.5122827113933
"2016-12-19",93.4882547529412
"2016-12-20",93.5234290880482
"2016-12-21",93.5985119301289
"2016-12-22",93.6360158425587
"2016-12-23",93.7663212279716
"2016-12-27",93.8253794166996
"2016-12-28",93.5820492647209
"2016-12-29",93.772229947867
"2016-12-30",93.9456427240921
"2017-01-03",94.5442577337174
"2017-01-04",95.5242565879863
"2017-01-05",95.1009979869578
"2017-01-06",94.9319842866249
"2017-01-09",94.8122107735981
"2017-01-10",94.1877372975736
"2017-01-11",94.0751287140993
"2017-01-12",93.8912105327507
"2017-01-13",94.5330015882363
"2017-01-17",93.9455174638842
"2017-01-18",93.9392846579299
"2017-01-19",94.5318860488914
"2017-01-20",94.4053673588759
"2017-01-23",93.8508022925609
"2017-01-24",93.0095838295584
"2017-01-25",93.3027431612173
"2017-01-26",95.3247181302573
"2017-01-27",95.6286252804471
"2017-01-30",95.3775554803775
"2017-01-31",94.5721356094478
"2017-02-01",94.0944256710306
"2017-02-02",94.039858707857
"2017-02-03",93.322174090913
"2017-02-06",93.0953781336364
"2017-02-07",92.6296982937631
"2017-02-08",92.8416364107179
"2017-02-09",92.9591899724144
"2017-02-10",92.5934864280651
"2017-02-13",91.8090308138636
"2017-02-14",93.5745630433854
"2017-02-15",92.3696494251579
"2017-02-16",92.3730042137789
"2017-02-17",92.1483961873851
"2017-02-21",94.9887763272055
"2017-02-22",94.8656738460427
"2017-02-23",94.1083372109594
"2017-02-24",93.1946974589364
"2017-02-27",94.4037502479945
"2017-02-28",94.3332556928038
"2017-03-01",94.1744973722679
"2017-03-02",94.3215766742821
"2017-03-03",93.6225477923332
"2017-03-06",94.1790194177619
"2017-03-07",94.2051301107015
"2017-03-08",94.8598547246021
"2017-03-09",95.1903854452453
"2017-03-10",95.2189420973381
"2017-03-13",95.192932999123
"2017-03-14",95.4803894316237
"2017-03-15",95.9196569521929
"2017-03-16",95.7607042090169
"2017-03-17",95.7672874815704
"2017-03-20",95.3292632629985
"2017-03-21",96.0012941469281
"2017-03-22",96.1161138981469
"2017-03-23",95.9212271757965
"2017-03-24",95.6642362050561
"2017-03-27",95.4908207061704
"2017-03-28",96.0785263787582
"2017-03-29",96.7845520253142
"2017-03-30",96.8172570043053
"2017-03-31",97.120543211076
"2017-04-03",95.9299730735738
"2017-04-04",97.1179958767607
"2017-04-05",96.0868457975826
"2017-04-06",96.4346980758257
"2017-04-07",97.2746619284002
"2017-04-10",97.4848487909139
"2017-04-11",97.9995283939211
"2017-04-12",97.6692732130119
"2017-04-13",98.2872359448253
"2017-04-17",98.972751567306
"2017-04-18",99.45803911752
"2017-04-19",98.6203266010686
"2017-04-20",97.1070200488207
"2017-04-21",96.708532953177
"2017-04-24",93.6530716164638
"2017-04-25",93.7362265306857
"2017-04-26",93.7113861129055
"2017-04-27",93.4704850983834
"2017-04-28",93.5801966048984
"2017-05-01",94.690687665752
"2017-05-02",95.2875968861147
"2017-05-03",95.8207058354052
"2017-05-04",94.7641461464535
"2017-05-05",94.9543084101776
"2017-05-08",95.1714988080182
"2017-05-09",95.2970624800619
"2017-05-10",95.7957754065834
"2017-05-11",95.845970796994
"2017-05-12",94.5098756791879
"2017-05-15",94.7396884012541
"2017-05-16",94.9879115467457
"2017-05-17",95.2463561464395
"2017-05-18",94.402224616115
"2017-05-19",94.7833223853569
"2017-05-22",94.2518717405233
"2017-05-23",94.3504029078134
"2017-05-24",94.7173683994091
"2017-05-25",93.2209237392262
"2017-05-26",92.8935168316061
"2017-05-30",93.2263580425195
"2017-05-31",93.1068456203824
"2017-06-01",91.9221235431038
"2017-06-02",90.2930576820247
"2017-06-05",93.4260040841195
"2017-06-06",93.5540978724938
"2017-06-07",93.6869299461679
"2017-06-08",93.7023074876261
"2017-06-09",94.1914223795105
"2017-06-12",95.4031098101556
"2017-06-13",95.7702873351866
"2017-06-14",95.0695713149324
"2017-06-15",95.2057714479991
"2017-06-16",95.5714381207777
"2017-06-19",95.6342628704227
"2017-06-20",95.2907731198792
"2017-06-21",94.9619089843226
"2017-06-22",95.143290899187
"2017-06-23",94.6966237789785
"2017-06-26",94.7547349995377
"2017-06-27",94.8605883357931
"2017-06-28",95.2591572190838
"2017-06-29",95.6578481970099
"2017-06-30",95.7858569736229
"2017-07-03",95.4168483014761
"2017-07-05",95.9448886911042
"2017-07-06",96.9278057997766
"2017-07-07",97.1771846692016
"2017-07-10",98.1712200864519
"2017-07-11",98.3765327546085
"2017-07-12",98.4092068208953
"2017-07-13",98.3100488124237
"2017-07-14",98.6538502687527
"2017-07-17",98.4583923396927
"2017-07-18",98.3914010605914
"2017-07-19",97.820750698413
"2017-07-20",98.2252260953898
"2017-07-21",96.7239954927712
"2017-07-24",97.6707265404077
"2017-07-25",99.1853694559629
"2017-07-26",99.1865630199228
"2017-07-27",97.8703261127472
"2017-07-28",95.5185605993072
"2017-07-31",94.3740686608218
"2017-08-01",93.3699701128612
"2017-08-02",93.0716803803603
"2017-08-03",93.8088622617939
"2017-08-04",93.8139559600562
"2017-08-07",92.8979025834879
"2017-08-08",92.6562239413338
"2017-08-09",92.9555532394993
"2017-08-10",93.4274532194602
"2017-08-11",93.2332883926245
"2017-08-14",93.0668852978379
"2017-08-15",93.0268749126408
"2017-08-16",92.7667198122344
"2017-08-17",92.0701953212767
"2017-08-18",92.4039249502179
"2017-08-21",92.3928038930757
"2017-08-22",92.1070908496509
"2017-08-23",92.7343456060024
"2017-08-24",92.4109224755833
"2017-08-25",92.2423618967988
"2017-08-28",91.7708107993477
"2017-08-29",91.3496763873896
"2017-08-30",90.9769606873168
"2017-08-31",90.6315054375783
"2017-09-01",90.977355097222
"2017-09-05",91.481147515359
"2017-09-06",93.7678893832946
"2017-09-07",93.4233949434552
"2017-09-08",93.5898729507337
"2017-09-11",93.8687556528237
"2017-09-12",94.4798682184526
"2017-09-13",94.6164280927918
"2017-09-14",93.594789896821
"2017-09-15",93.6588711710058
"2017-09-18",93.6983728823501
"2017-09-19",92.3898315836001
"2017-09-20",92.8978061833734
"2017-09-21",92.7009151737426
"2017-09-22",93.1014041585886
"2017-09-25",94.5312632863978
"2017-09-26",95.6705994927147
"2017-09-27",95.3747653466367
"2017-09-28",94.5400677493921
"2017-09-29",95.3995784303068
"2017-10-02",95.616491452596
"2017-10-03",95.1370347541631
"2017-10-04",96.7641712574004
"2017-10-05",97.3254815534161
"2017-10-06",96.4383249318298
"2017-10-09",94.9813932003136
"2017-10-10",94.7837853727054
"2017-10-11",94.5067211304292
"2017-10-12",93.5418527377826
"2017-10-13",94.1018563876321
"2017-10-16",94.3521803810991
"2017-10-17",94.8626928844896
"2017-10-18",94.0708667754904
"2017-10-19",93.8729037533847
"2017-10-20",94.3882148270749
"2017-10-23",95.7912634776359
"2017-10-24",95.6264855696655
"2017-10-25",93.8579055497542
"2017-10-26",92.8882379080464
"2017-10-27",91.0582173828139
"2017-10-30",90.9966587492067
"2017-10-31",90.8740234961075
"2017-11-01",90.9966976970779
"2017-11-02",91.3504014298669
"2017-11-03",91.312449743963
"2017-11-06",92.0032272010254
"2017-11-07",92.4812303738064
"2017-11-08",94.0459859685017
"2017-11-09",92.6259148463457
"2017-11-10",92.5321903097749
"2017-11-13",92.9642853175018
"2017-11-14",92.8001914077243
"2017-11-15",92.8023309766621
"2017-11-16",92.2997422728361
"2017-11-17",91.9222257439145
"2017-11-20",91.8257297471005
"2017-11-21",92.0464357478348
"2017-11-22",91.7714286384782
"2017-11-24",91.3283728023513
"2017-11-27",92.3993807900425
"2017-11-28",93.6385545987043
"2017-11-29",94.7181121510086
"2017-11-30",95.1336148666312
"2017-12-01",93.6565811408262
"2017-12-04",92.9488771752834
"2017-12-05",92.7169514013103
"2017-12-06",91.6938660596988
"2017-12-07",91.8734341692146
"2017-12-08",92.9596548875571
"2017-12-11",92.9475709768272
"2017-12-12",93.1312087978851
"2017-12-13",93.0542286150813
"2017-12-14",93.2138008612676
"2017-12-15",92.8006253629207
"2017-12-18",92.6282264156279
"2017-12-19",93.8727418191019
"2017-12-20",93.5322185212862
"2017-12-21",94.0490618432262
"2017-12-22",94.3378699321679
"2017-12-26",93.9985874811214
"2017-12-27",93.0549214830005
"2017-12-28",92.2396265418975
"2017-12-29",92.8154030507962
"2018-01-02",93.2405960560929
"2018-01-03",94.1082043637673
"2018-01-04",93.7549385529517
"2018-01-05",93.5125658157604
"2018-01-08",93.9798712672397
"2018-01-09",93.6909450115837
"2018-01-10",93.124965278706
"2018-01-11",93.3563153135304
"2018-01-12",93.1092152802983
"2018-01-16",93.3175710255909
"2018-01-17",93.270571031799
"2018-01-18",93.4906296730638
"2018-01-19",93.5526216087542
"2018-01-22",93.3162862377699
"2018-01-23",94.0331412324842
"2018-01-24",94.0375534399368
"2018-01-25",95.0000646029862
"2018-01-26",95.9856176395784
"2018-01-29",96.1817898334033
"2018-01-30",96.5666265202901
"2018-01-31",96.4196726414167
"2018-02-01",95.318035290908
"2018-02-02",95.9624687775304
"2018-02-05",97.2655803227155
"2018-02-06",96.661103863715
"2018-02-07",95.9637323821673
"2018-02-08",96.4508588145856
"2018-02-09",97.4085613010426
"2018-02-12",97.9028918631161
"2018-02-13",98.2755163576257
"2018-02-14",98.3645313032359
"2018-02-15",98.2578226520408
"2018-02-16",97.6507343494009
"2018-02-20",96.6325716707056
"2018-02-21",96.3829733900871
"2018-02-22",99.6017451083487
"2018-02-23",99.6164354391461
"2018-02-26",99.0987421265802
"2018-02-27",99.173100209422
"2018-02-28",98.9318193351018
"2018-03-01",99.6753862574848
"2018-03-02",99.1456491501386
"2018-03-05",99.9443474431205
"2018-03-06",101.219588665997
"2018-03-07",101.31552126251
"2018-03-08",101.542904377977
"2018-03-09",102.035342236903
"2018-03-12",102.366659058705
"2018-03-13",102.498927423655
"2018-03-14",101.162098664338
"2018-03-15",101.504647662513
"2018-03-16",101.575957688095
"2018-03-19",101.581791295206
"2018-03-20",101.289385944298
"2018-03-21",101.243755682309
"2018-03-22",100.460552399864
"2018-03-23",100.82828810578
"2018-03-26",100.685416146068
"2018-03-27",100.318059248411
"2018-03-28",99.8747062574285
"2018-03-29",98.650626556962
"2018-04-02",100.699703849289
"2018-04-03",101.370991936012
"2018-04-04",101.587714596101
"2018-04-05",101.823721905367
"2018-04-06",101.385008240726
"2018-04-09",100.72623423955
"2018-04-10",100.738234949887
"2018-04-11",101.364618725652
"2018-04-12",100.857113017656
"2018-04-13",99.7212228925772
"2018-04-16",98.9242412502938
"2018-04-17",98.8754185357542
"2018-04-18",98.5202045311851
"2018-04-19",97.7088010091783
"2018-04-20",97.6031525508337
"2018-04-23",96.7270777250586
"2018-04-24",97.9875024489132
"2018-04-25",99.2830083665415
"2018-04-26",103.99779635651
"2018-04-27",103.63228558176
"2018-04-30",103.33683866141
"2018-05-01",103.527213369881
"2018-05-02",103.476889414195
"2018-05-03",104.550744015885
"2018-05-04",104.375238542807
"2018-05-07",103.689273689715
"2018-05-08",103.428238561106
"2018-05-09",102.999704965407
"2018-05-10",102.473909244792
"2018-05-11",102.223841706644
"2018-05-14",102.098789081527
"2018-05-15",102.681098230824
"2018-05-16",102.955419072275
"2018-05-17",102.707917708862
"2018-05-18",102.858401970671
"2018-05-21",102.363961047324
"2018-05-22",102.449796788794
"2018-05-23",102.930092572106
"2018-05-24",103.542991482866
"2018-05-25",103.659058631956
"2018-05-29",103.744982177294
"2018-05-30",103.114322502477
"2018-05-31",102.880072738271
"2018-06-01",104.422377956182
"2018-06-04",103.995711509739
"2018-06-05",104.19420058303
"2018-06-06",103.370434036605
"2018-06-07",103.322378604493
"2018-06-08",103.469451169593
"2018-06-11",103.557932708671
"2018-06-12",104.727893840735
"2018-06-13",104.820900340216
"2018-06-14",104.598101476328
"2018-06-15",105.327953856564
"2018-06-18",105.787505138561
"2018-06-19",106.622773738141
"2018-06-20",106.227881192824
"2018-06-21",106.812595137692
"2018-06-22",107.973934341804
"2018-06-25",108.468981498957
"2018-06-26",108.246751990197
"2018-06-27",108.573335021247
"2018-06-28",108.345598811949
"2018-06-29",108.299908507119
"2018-07-02",109.02979053617
"2018-07-03",109.516077910723
"2018-07-05",108.990970413679
"2018-07-06",108.560569173367
"2018-07-09",109.15710430058
"2018-07-10",108.92272433885
"2018-07-11",110.615224176155
"2018-07-12",111.224250639975
"2018-07-13",109.669930232421
"2018-07-16",109.303103046102
"2018-07-17",109.392717599438
"2018-07-18",109.893492672856
"2018-07-19",109.951984573112
"2018-07-20",109.820716824059
"2018-07-23",110.158826587824
"2018-07-24",109.980408466229
"2018-07-25",109.222226849496
"2018-07-26",107.831058779786
"2018-07-27",108.287332194012
"2018-07-30",108.169876082502
"2018-07-31",108.193248056672
"2018-08-01",107.779268852909
"2018-08-02",109.937585375459
"2018-08-03",109.983357804325
"2018-08-06",110.333613792065
"2018-08-07",111.037196899556
"2018-08-08",109.327149631314
"2018-08-09",110.247748708809
"2018-08-10",110.789827113796
"2018-08-13",111.502272021052
"2018-08-14",111.717762853499
"2018-08-15",110.975704087677
"2018-08-16",112.162858897667
"2018-08-17",112.538218364065
"2018-08-20",112.223257597234
"2018-08-21",113.145390476925
"2018-08-22",113.713000224287
"2018-08-23",114.250595818632
"2018-08-24",114.490217140409
"2018-08-27",114.533496094268
"2018-08-28",114.376420734937
"2018-08-29",114.945593867184
"2018-08-30",114.900757989481
"2018-08-31",115.555497150702
"2018-09-04",114.996419116861
"2018-09-05",116.701701402896
"2018-09-06",116.321245028167
"2018-09-07",115.969765550398
"2018-09-10",115.875591890268
"2018-09-11",116.806031223981
"2018-09-12",116.927276352705
"2018-09-13",116.592368363
"2018-09-14",117.006130872421
"2018-09-17",116.801471747875
"2018-09-18",117.538264429726
"2018-09-19",118.718623412651
"2018-09-20",119.407305774687
"2018-09-21",119.848419164252
"2018-09-24",119.539203078379
"2018-09-25",120.495154411322
"2018-09-26",119.845785603388
"2018-09-27",119.842645102916
"2018-09-28",120.41948801213
"2018-10-01",122.348530811052
"2018-10-02",122.027940715969
"2018-10-03",122.093266851371
"2018-10-04",121.724899580895
"2018-10-05",121.575846239437
"2018-10-08",121.807838134784
"2018-10-09",121.226190138299
"2018-10-10",120.538593060842
"2018-10-11",120.129176808004
"2018-10-12",120.165584191385
"2018-10-15",119.534422819308
"2018-10-16",119.837428879225
"2018-10-17",119.583867215021
"2018-10-18",119.205719598262
"2018-10-19",119.118071209241
"2018-10-22",119.345072523361
"2018-10-23",118.833335344893
"2018-10-24",120.543984894188
"2018-10-25",121.6712322808
"2018-10-26",121.079982115463
"2018-10-29",119.951931472746
"2018-10-30",119.617200330208
"2018-10-31",119.262017343869
"2018-11-01",120.816328335664
"2018-11-02",120.555571842496
"2018-11-05",120.654553321983
"2018-11-06",120.863889898703
"2018-11-07",121.705268302275
"2018-11-08",120.737372768639
"2018-11-09",119.558814130133
"2018-11-12",119.972388934484
"2018-11-13",119.57933677571
"2018-11-14",119.190330038682
"2018-11-15",119.633832972117
"2018-11-16",117.79799175081
"2018-11-19",117.454286021194
"2018-11-20",117.203473196566
"2018-11-21",117.842717991881
"2018-11-23",118.336437512648
"2018-11-26",117.789052889718
"2018-11-27",116.070201204126
"2018-11-28",115.248373149893
"2018-11-29",115.404421457304
"2018-11-30",113.926605095363
"2018-12-03",114.359952094373
"2018-12-04",113.559433950356
"2018-12-06",113.65193276054
"2018-12-07",114.171992207812
"2018-12-10",114.13841813653
"2018-12-11",113.637715561906
"2018-12-12",113.60629894223
"2018-12-13",115.840521323693
"2018-12-14",113.930955652821
"2018-12-17",115.051472825357
"2018-12-18",114.970883910619
"2018-12-19",115.652922030224
"2018-12-20",115.643212710616
"2018-12-21",116.417794127333
"2018-12-24",115.86135954275
"2018-12-26",117.240561053119
"2018-12-27",118.882408553934
"2018-12-28",118.526602982152
"2018-12-31",119.162041572442
"2019-01-02",119.326018063104
"2019-01-03",121.112595964658
"2019-01-04",122.570147115355
"2019-01-07",125.947411414785
"2019-01-08",125.77253728098
"2019-01-09",128.307463987628
"2019-01-10",127.936835408173
"2019-01-11",127.168214640374
"2019-01-14",126.683200146467
"2019-01-15",127.40527616179
"2019-01-16",124.797536970648
"2019-01-17",125.550041063232
"2019-01-18",126.725974938812
"2019-01-22",124.218711859474
"2019-01-23",124.619314839023
"2019-01-24",126.247237118937
"2019-01-25",127.182521488375
"2019-01-28",127.044892918857
"2019-01-29",127.78671808126
"2019-01-30",127.545069906679
"2019-01-31",126.239939112527
"2019-02-01",127.506075318509
"2019-02-04",128.233959346786
"2019-02-05",128.016944920246
"2019-02-06",128.681688454354
"2019-02-07",126.842850000252
"2019-02-08",125.230106163478
"2019-02-11",124.499188063455
"2019-02-12",126.096546571553
"2019-02-13",125.96381197393
"2019-02-14",125.284266925324
"2019-02-15",125.445944526026
"2019-02-19",123.905117980628
"2019-02-20",126.681261881483
"2019-02-21",125.160735239722
"2019-02-22",124.527816935364
"2019-02-25",124.711932307138
"2019-02-26",124.306064594896
"2019-02-27",129.255423532456
"2019-02-28",128.959376511622
"2019-03-01",128.722594854413
"2019-03-04",130.883809202345
"2019-03-05",131.14527465948
"2019-03-06",129.653849705564
"2019-03-07",129.479500542901
"2019-03-08",128.512643722145
"2019-03-11",128.763117332289
"2019-03-12",130.581920496901
"2019-03-13",130.916102764059
"2019-03-14",130.804769504364
"2019-03-15",128.408482093622
"2019-03-18",131.153392555338
"2019-03-19",130.566441196924
"2019-03-20",130.718341345739
"2019-03-21",130.177955740636
"2019-03-22",129.243538478613
"2019-03-25",127.901841674225
"2019-03-26",128.14880595949
"2019-03-27",128.97614079682
"2019-03-28",129.893729409699
"2019-03-29",130.708525322713
"2019-04-01",133.209516208173
"2019-04-02",133.492973083605
"2019-04-03",132.811561254724
"2019-04-04",133.213262336331
"2019-04-05",133.539981678485
"2019-04-08",134.107404608715
"2019-04-09",133.510527352935
"2019-04-10",133.741480770875
"2019-04-11",132.288785207917
"2019-04-12",131.647527025034
"2019-04-15",131.636342238106
"2019-04-16",133.21383102465
"2019-04-17",133.282522554598
"2019-04-18",132.49860379236
"2019-04-22",134.680235231024
"2019-04-23",134.449221774307
"2019-04-24",132.973165293858
"2019-04-25",132.222665523641
"2019-04-26",131.605645336972
"2019-04-29",130.962245358327
"2019-04-30",130.684863409041
"2019-05-01",130.345567658231
"2019-05-02",130.596716755917
"2019-05-03",129.487839987791
"2019-05-06",130.693933463777
"2019-05-07",130.663650675054
"2019-05-08",130.946409165104
"2019-05-09",131.0792070085
"2019-05-10",130.743632144555
"2019-05-13",128.960415054151
"2019-05-14",130.720373198924
"2019-05-15",132.073881905251
"2019-05-16",133.697770741271
"2019-05-17",131.323856925267
"2019-05-20",130.363931647963
"2019-05-21",131.100502026913
"2019-05-22",130.011456997608
"2019-05-23",126.002020321338
"2019-05-24",124.271104963807
"2019-05-28",123.49778755955
"2019-05-29",124.605048134833
"2019-05-30",127.314929387757
"2019-05-31",128.088332162527
"2019-06-03",129.321239656211
"2019-06-04",128.777213912982
"2019-06-05",127.367071137393
"2019-06-06",127.313631531941
"2019-06-07",128.047105347143
"2019-06-10",128.813432842609
"2019-06-11",128.440493390124
"2019-06-12",126.444926176172
"2019-06-13",127.390911950978
"2019-06-14",126.830250719677
"2019-06-17",125.853035178802
"2019-06-18",126.642182123585
"2019-06-19",128.841535721697
"2019-06-20",130.619126400032
"2019-06-21",130.69310033035
"2019-06-24",129.9809974539
"2019-06-25",131.134183450106
"2019-06-26",131.268946030198
"2019-06-27",129.962182799447
"2019-06-28",130.057303888588
"2019-07-01",131.653793194409
"2019-07-02",132.50082666983
"2019-07-03",134.141813098971
"2019-07-05",134.707442660099
"2019-07-08",135.129404227955
"2019-07-09",134.990701854576
"2019-07-10",136.761901803771
"2019-07-11",136.118377033288
"2019-07-12",134.376202802425
"2019-07-15",133.499419247736
"2019-07-16",132.756425811089
"2019-07-17",131.756029150723
"2019-07-18",131.296255320093
"2019-07-19",130.148658086526
"2019-07-22",130.966442603956
"2019-07-23",131.82579005392
"2019-07-24",130.414271707852
"2019-07-25",130.355520984602
"2019-07-26",128.278129385544
"2019-07-29",128.800570383767
"2019-07-30",135.19231846746
"2019-07-31",136.996149144488
"2019-08-01",142.363727384093
"2019-08-02",144.1049883204
"2019-08-05",144.132097809545
"2019-08-06",143.7083757159
"2019-08-07",143.734414409232
"2019-08-08",142.581935653643
"2019-08-09",142.533546102477
"2019-08-12",139.502015550457
"2019-08-13",139.807899936468
"2019-08-14",138.092902047607
"2019-08-15",137.257874208644
"2019-08-16",139.172398745987
"2019-08-19",140.754801008643
"2019-08-20",140.227058961119
"2019-08-21",139.812210973969
"2019-08-22",138.956165946072
"2019-08-23",137.260468211754
"2019-08-26",136.925513819365
"2019-08-27",136.993938168039
"2019-08-28",138.429649624355
"2019-08-29",138.783679521347
"2019-08-30",137.754569125409
"2019-09-03",138.491541610664
"2019-09-04",140.047350056889
"2019-09-05",140.718658238998
"2019-09-06",141.369575053573
"2019-09-09",141.654044918786
"2019-09-10",144.596638993434
"2019-09-11",144.729773851529
"2019-09-12",141.823934637906
"2019-09-13",143.352033613448
"2019-09-16",146.491792017338
"2019-09-17",144.936633485057
"2019-09-18",144.313858494691
"2019-09-19",142.01678614255
"2019-09-20",141.92832778666
"2019-09-23",140.516971356617
"2019-09-24",139.829063292421
"2019-09-25",139.236721689533
"2019-09-26",139.158537349057
"2019-09-27",139.315667337134
"2019-09-30",139.194194012015
"2019-10-01",138.431905204217
"2019-10-02",137.527746175836
"2019-10-03",137.164228892873
"2019-10-04",136.493223316232
"2019-10-07",136.451516165546
"2019-10-08",136.431216955169
"2019-10-09",137.103122830384
"2019-10-10",135.621059188325
"2019-10-11",137.041653111366
"2019-10-14",137.116228694062
"2019-10-15",137.130373458035
"2019-10-16",139.22190208431
"2019-10-17",138.522275089003
"2019-10-18",139.813540560972
"2019-10-21",141.193462131533
"2019-10-22",140.522103716431
"2019-10-23",139.755606170846
"2019-10-24",139.014258041927
"2019-10-25",142.969522842832
"2019-10-28",142.460159140834
"2019-10-29",143.989036021727
"2019-10-30",145.542539114389
"2019-10-31",143.935040166098
"2019-11-01",144.89624539033
"2019-11-04",147.630933264795
"2019-11-05",149.603110833885
"2019-11-06",148.598400534659
"2019-11-07",148.358845915925
"2019-11-08",149.164143883526
"2019-11-11",148.323334353572
"2019-11-12",147.627467107922
"2019-11-13",146.935231211891
"2019-11-14",144.962420389454
"2019-11-15",144.487626122305
"2019-11-18",144.434758372561
"2019-11-19",143.099190932214
"2019-11-20",142.730841159435
"2019-11-21",142.955703715107
"2019-11-22",144.628590780098
"2019-11-25",144.925817259928
"2019-11-26",144.4521150107
"2019-11-27",145.113125149949
"2019-11-29",144.540048380002
"2019-12-02",144.551115856935
"2019-12-03",142.288342401252
"2019-12-04",144.884386046852
"2019-12-05",147.915290169737
"2019-12-06",152.922057318485
"2019-12-09",155.252845407486
"2019-12-10",154.549037469761
"2019-12-11",154.685496782253
"2019-12-12",155.608658615778
"2019-12-13",154.074234034286
"2019-12-16",155.987732455577
"2019-12-17",156.187094854277
"2019-12-18",157.85319875171
"2019-12-19",159.9400441195
"2019-12-20",158.925975795262
"2019-12-23",160.331208768637
"2019-12-24",159.848363891643
"2019-12-26",160.038459349448
"2019-12-27",158.755163841819
"2019-12-30",158.275313592083
"2019-12-31",158.153030641782
"2020-01-02",156.14404745883
"2020-01-03",155.755435311338
"2020-01-06",154.852694273932
"2020-01-07",156.019229058213
"2020-01-08",157.137259581404
"2020-01-09",156.59798844841
"2020-01-10",156.039528200027
"2020-01-13",155.793752509217
"2020-01-14",156.086262958204
"2020-01-15",156.768080452315
"2020-01-16",156.801817471083
"2020-01-17",156.208916436334
"2020-01-21",154.940765113929
"2020-01-22",155.025752508039
"2020-01-23",153.905170274764
"2020-01-24",153.235227424578
"2020-01-27",153.973033950824
"2020-01-28",155.532084723701
"2020-01-29",156.680818458568
"2020-01-30",157.491564982409
"2020-01-31",158.397157435535
"2020-02-03",157.150750108
"2020-02-04",156.222584066029
"2020-02-05",157.193114843358
"2020-02-06",155.615662341759
"2020-02-07",155.68669120488
"2020-02-10",154.667146133082
"2020-02-11",155.51288603116
"2020-02-12",155.8968717717
"2020-02-13",156.046925714664
"2020-02-14",156.747668774388
"2020-02-18",156.735110271103
"2020-02-19",157.313854821527
"2020-02-20",160.09920061238
"2020-02-21",159.633883611254
"2020-02-24",158.151868426296
"2020-02-25",157.985443486172
"2020-02-26",157.909451951911
"2020-02-27",157.760161579328
"2020-02-28",158.010404559511
"2020-03-02",156.484089256063
"2020-03-03",157.292676306647
"2020-03-04",156.999420285435
"2020-03-05",157.490022997437
"2020-03-06",155.279933391467
"2020-03-09",151.262288792128
"2020-03-10",154.285064976669
"2020-03-11",160.206580297333
"2020-03-12",166.723755311866
"2020-03-13",160.448228726809
"2020-03-16",155.547384189704
"2020-03-17",154.426162214104
"2020-03-18",154.746889018548
"2020-03-19",161.746968712772
"2020-03-20",158.261118700404
"2020-03-23",160.238189826004
"2020-03-24",163.268630448207
"2020-03-25",168.244089911703
"2020-03-26",172.41495406213
"2020-03-27",172.260426637413
"2020-03-30",170.686865101553
"2020-03-31",165.544516881202
"2020-04-01",163.01372797676
"2020-04-02",161.856409298072
"2020-04-03",164.492208749257
"2020-04-06",169.558740704301
"2020-04-07",172.630425868139
"2020-04-08",170.320001176861
"2020-04-09",165.396568605222
"2020-04-13",156.094839161704
"2020-04-14",156.828511490057
"2020-04-15",156.102144706225
"2020-04-16",154.275989335132
"2020-04-17",158.934410235644
"2020-04-20",157.795813680217
"2020-04-21",160.945078184599
"2020-04-22",163.083821218919
"2020-04-23",175.087072349959
"2020-04-24",175.069315207881
"2020-04-27",173.078391751571
"2020-04-28",177.023244580306
"2020-04-29",170.944258010061
"2020-04-30",171.032710702934
"2020-05-01",168.421915342735
"2020-05-04",170.332602259224
"2020-05-05",171.442280427589
"2020-05-06",168.687661459005
"2020-05-07",169.992729417221
"2020-05-08",170.33876060305
"2020-05-11",166.721635944507
"2020-05-12",166.28658127645
"2020-05-13",167.566025877076
"2020-05-14",166.781603606522
"2020-05-15",168.393838379262
"2020-05-18",172.189129848507
"2020-05-19",166.709181283098
"2020-05-20",164.159889880264
"2020-05-21",160.314099188247
"2020-05-22",157.871796991205
"2020-05-26",155.532437378284
"2020-05-27",151.977404918513
"2020-05-28",149.846810925742
"2020-05-29",149.681278800792
"2020-06-01",146.835130955987
"2020-06-02",147.158679502461
"2020-06-03",146.701520140943
"2020-06-04",147.420860983694
"2020-06-05",152.708531903665
"2020-06-08",170.432532820061
"2020-06-09",166.852208003511
"2020-06-10",169.171011385026
"2020-06-11",172.245631807767
"2020-06-12",169.135825636055
"2020-06-15",170.15312719973
"2020-06-16",173.20294066288
"2020-06-17",172.03267097169
"2020-06-18",173.96232382931
"2020-06-19",172.449649777568
"2020-06-22",172.354411428654
"2020-06-23",171.125655533246
"2020-06-24",172.388696042297
"2020-06-25",169.998102668394
"2020-06-26",170.939710232589
"2020-06-29",167.823819723888
"2020-06-30",167.67442399707
"2020-07-01",165.76184083884
"2020-07-02",165.124677849552
"2020-07-06",166.372866216748
"2020-07-07",165.953862479496
"2020-07-08",167.826206708699
"2020-07-09",168.356781043629
"2020-07-10",163.704406418769
"2020-07-13",163.055536810467
"2020-07-14",166.523928000706
"2020-07-15",166.631102338777
"2020-07-16",166.37545450535
"2020-07-17",167.644450964569
"2020-07-20",168.973820300502
"2020-07-21",170.878837513297
"2020-07-22",172.311614141581
"2020-07-23",168.092870893129
"2020-07-24",170.443572454595
"2020-07-27",170.14557944968
"2020-07-28",169.63811037801
"2020-07-29",171.227906803711
"2020-07-30",168.83247204606
"2020-07-31",166.881522503647
"2020-08-03",163.36998749658
"2020-08-04",163.226578508002
"2020-08-05",163.193197589618
"2020-08-06",162.140612492352
"2020-08-07",161.085155263186
"2020-08-10",160.455908908343
"2020-08-11",159.491435138784
"2020-08-12",160.280498134822
"2020-08-13",161.87230746717
"2020-08-14",160.083026855087
"2020-08-17",158.355277752309
"2020-08-18",159.974184276808
"2020-08-19",158.115945854502
"2020-08-20",156.065463424689
"2020-08-21",155.445149403511
"2020-08-24",153.104895787217
"2020-08-25",155.788209360287
"2020-08-26",155.123562307942
"2020-08-27",156.161389139025
"2020-08-28",155.290857444426
"2020-08-31",155.570670284941
"2020-09-01",153.071477369517
"2020-09-02",152.455942453853
"2020-09-03",156.074503040616
"2020-09-04",156.74432829202
"2020-09-08",154.454923626032
"2020-09-09",153.140457371385
"2020-09-10",150.787022248272
"2020-09-11",151.182596282938
"2020-09-14",152.367198831386
"2020-09-15",154.165128437143
"2020-09-16",155.937029769063
"2020-09-17",154.53986570297
"2020-09-18",154.176674654358
"2020-09-21",155.737189205945
"2020-09-22",156.588349915883
"2020-09-23",158.628499752075
"2020-09-24",159.55739989424
"2020-09-25",159.404274691431
"2020-09-28",157.212321290647
"2020-09-29",157.997886288564
"2020-09-30",159.221339191915
"2020-10-01",162.41400680441
"2020-10-02",162.940056472652
"2020-10-05",161.654307056279
"2020-10-06",160.821729101871
"2020-10-07",160.684630212044
"2020-10-08",162.074701803296
"2020-10-09",161.40219371896
"2020-10-12",160.88753448816
"2020-10-13",161.852458332955
"2020-10-14",159.71241232397
"2020-10-15",159.853443249162
"2020-10-16",160.997701252632
"2020-10-19",161.600793939273
"2020-10-20",161.38004108761
"2020-10-21",162.428268052552
"2020-10-22",162.053712338113
"2020-10-23",161.312316819116
"2020-10-26",162.401106554268
"2020-10-27",162.589958280082
"2020-10-28",162.702926899848
"2020-10-29",164.978307325838
"2020-10-30",167.427566973225
"2020-11-02",165.408174119414
"2020-11-03",166.110486989232
"2020-11-04",163.26474626898
"2020-11-05",162.87405296632
"2020-11-06",163.400361744004
"2020-11-09",166.323824009352
"2020-11-10",164.808783285765
"2020-11-11",165.833677785554
"2020-11-12",165.450783077761
"2020-11-13",165.059054926111
"2020-11-16",164.230723462539
"2020-11-17",171.079764778646
"2020-11-18",169.466120675529
"2020-11-19",169.362432186785
"2020-11-20",171.541128648465
"2020-11-23",171.360345221197
"2020-11-24",170.86575234981
"2020-11-25",171.963125411604
"2020-11-27",173.304968870847
"2020-11-30",172.727833253828
"2020-12-01",171.944406591221
"2020-12-02",171.384194767542
"2020-12-03",172.072285889697
"2020-12-04",178.686660792403
"2020-12-07",178.241625583225
"2020-12-08",180.148209249435
"2020-12-09",181.168922239558
"2020-12-10",178.199873139467
"2020-12-11",177.820901703296
"2020-12-14",180.092707152716
"2020-12-15",182.614005063079
"2020-12-16",182.215610378626
"2020-12-17",184.012356318831
"2020-12-18",183.519069045406
"2020-12-21",182.750029890606
"2020-12-22",181.410768248829
"2020-12-23",181.88026426735
"2020-12-24",181.20317975293
"2020-12-28",182.56893618579
"2020-12-29",182.996434848518
"2020-12-30",181.051087251309
"2020-12-31",182.123404176899
"2021-01-04",181.918426025113
"2021-01-05",179.505900740998
"2021-01-06",178.536013966564
"2021-01-07",178.447782580516
"2021-01-08",178.819337310416
"2021-01-11",179.606832869763
"2021-01-12",177.651574880974
"2021-01-13",178.246261555203
"2021-01-14",177.300106878978
"2021-01-15",177.154019427537
"2021-01-19",177.672399641601
"2021-01-20",177.717879458582
"2021-01-21",180.834875145006
"2021-01-22",178.400762347027
"2021-01-25",177.93766447305
"2021-01-26",178.928089864603
"2021-01-27",182.251062736376
"2021-01-28",184.478999675809
"2021-01-29",186.815045072416
"2021-02-01",186.979932521282
"2021-02-02",187.680764549599
"2021-02-03",187.813387580736
"2021-02-04",187.782189367516
"2021-02-05",186.3382671777
"2021-02-08",181.966381768692
"2021-02-09",184.892851899776
"2021-02-10",184.81034363501
"2021-02-11",185.00147042354
"2021-02-12",184.072841357119
"2021-02-16",182.571387166035
"2021-02-17",182.559638124184
"2021-02-18",183.62523462785
"2021-02-19",181.520609193011
"2021-02-22",182.479819229128
"2021-02-23",182.614200015007
"2021-02-24",176.448141276221
"2021-02-25",176.079895219409
"2021-02-26",173.765198747243
"2021-03-01",173.239349916845
"2021-03-02",175.609165326961
"2021-03-03",173.654050772861
"2021-03-04",172.364324034043
"2021-03-05",172.965192348588
"2021-03-08",173.362888764131
"2021-03-09",174.411934412491
"2021-03-10",172.696766706737
"2021-03-11",172.291026362344
"2021-03-12",172.620513475394
"2021-03-15",172.494302587383
"2021-03-16",173.087533527397
"2021-03-17",175.492440385992
"2021-03-18",178.298332164637
"2021-03-19",179.838693731824
"2021-03-22",180.42368528994
"2021-03-23",181.52383676511
"2021-03-24",182.140133218533
"2021-03-25",179.013914921891
"2021-03-26",179.330429808459
"2021-03-29",181.373190573537
"2021-03-30",180.618778656632
"2021-03-31",180.323843704345
"2021-04-01",179.981590849742
"2021-04-05",181.642895790391
"2021-04-06",181.574214882825
"2021-04-07",180.401677904972
"2021-04-08",180.006172430325
"2021-04-09",180.839859035258
"2021-04-12",183.119698494487
"2021-04-13",182.14779617787
"2021-04-14",179.943665450583
"2021-04-15",181.031916575719
"2021-04-16",180.67498492258
"2021-04-19",180.632419157857
"2021-04-20",181.649364193623
"2021-04-21",180.939620144467
"2021-04-22",181.34194129746
"2021-04-23",180.705564834485
"2021-04-26",179.920734337259
"2021-04-27",182.017569385571
"2021-04-28",180.028969246109
"2021-04-29",182.976909531273
"2021-04-30",184.48486922686
"2021-05-03",183.61673662221
"2021-05-04",184.28473207989
"2021-05-05",181.342342618427
"2021-05-06",181.29940425837
"2021-05-07",180.438510239745
"2021-05-10",181.406873453567
"2021-05-11",179.985815554836
"2021-05-12",180.234644407369
"2021-05-13",179.28742470316
"2021-05-14",179.403500857834
"2021-05-17",179.678102801801
"2021-05-18",179.635682074423
"2021-05-19",180.270575271062
"2021-05-20",180.383320675905
"2021-05-21",179.987363607146
"2021-05-24",178.852220838498
"2021-05-25",179.967241082157
"2021-05-26",179.546630008281
"2021-05-27",179.356422333582
"2021-05-28",179.856693230057
"2021-06-01",178.052584312479
"2021-06-02",174.574021126144
"2021-06-03",176.537474157351
"2021-06-04",176.680017968816
"2021-06-07",177.156288641029
"2021-06-08",177.624711029122
"2021-06-09",178.573401312554
"2021-06-10",178.595587909668
"2021-06-11",177.624915024057
"2021-06-14",178.374405242374
"2021-06-15",176.887174510164
"2021-06-16",177.452835558912
"2021-06-17",176.149411669367
"2021-06-18",175.906156693655
"2021-06-21",175.419809067763
"2021-06-22",176.439446628752
"2021-06-23",176.049165582954
"2021-06-24",175.43823182081
"2021-06-25",176.096519941737
"2021-06-28",176.513918382841
"2021-06-29",176.140082887338
"2021-06-30",176.248130145494
"2021-07-01",175.456391066221
"2021-07-02",176.560254972528
"2021-07-06",175.788769988873
"2021-07-07",176.363435656162
"2021-07-08",176.288327832055
"2021-07-09",176.561505939832
"2021-07-12",177.2710039229
"2021-07-13",176.874508378984
"2021-07-14",176.708371189199
"2021-07-15",176.811550536752
"2021-07-16",175.996527829334
"2021-07-19",175.526445351472
"2021-07-20",174.840986466611
"2021-07-21",175.214224362921
"2021-07-22",174.508956541934
"2021-07-23",173.798187046355
"2021-07-26",172.942811487431
"2021-07-27",172.860267731117
"2021-07-28",173.458866372198
"2021-07-29",174.511249490432
"2021-07-30",174.049080617179
"2021-08-02",175.38746103225
"2021-08-03",174.842387574054
"2021-08-04",172.286153446837
"2021-08-05",172.988404338888
"2021-08-06",172.50876710927
"2021-08-09",170.875764979498
"2021-08-10",169.984277157201
"2021-08-11",170.918930435789
"2021-08-12",170.162819884027
"2021-08-13",170.506656515475
"2021-08-16",169.565066999092
"2021-08-17",169.045750276288
"2021-08-18",169.262476337039
"2021-08-19",169.60416298276
"2021-08-20",168.546658861785
"2021-08-23",168.840033833904
"2021-08-24",169.511394876114
"2021-08-25",170.025866191943
"2021-08-26",169.128561090552
"2021-08-27",169.53672782509
"2021-08-30",169.686835997494
"2021-08-31",170.226983650106
"2021-09-01",168.470699200789
"2021-09-02",166.492118584723
"2021-09-03",163.897613877289
"2021-09-07",163.642270458721
"2021-09-08",162.075772667718
"2021-09-09",162.136707533844
"2021-09-10",161.953026974446
"2021-09-13",159.11836592062
"2021-09-14",158.230674771533
"2021-09-15",158.417400300068
"2021-09-16",158.780917674262
"2021-09-17",159.114598632114
"2021-09-20",159.503038459147
"2021-09-21",159.305027536264
"2021-09-22",158.186268988274
"2021-09-23",157.916341278683
"2021-09-24",157.22697402029
"2021-09-27",153.215774386067
"2021-09-28",153.595913024744
"2021-09-29",153.289855758468
"2021-09-30",153.020027723821
"2021-10-01",153.226451999843
"2021-10-04",154.043445347593
"2021-10-05",155.038533761109
"2021-10-06",155.281115131674
"2021-10-07",157.077192966107
"2021-10-08",157.421660150243
"2021-10-11",157.780821172244
"2021-10-12",159.190390180762
"2021-10-13",159.640266586874
"2021-10-14",160.595925077806
"2021-10-15",160.99334515234
"2021-10-18",161.67082364522
"2021-10-19",160.570777502579
"2021-10-20",160.598280487425
"2021-10-21",160.279684635653
"2021-10-22",159.975022149327
"2021-10-25",157.738148587549
"2021-10-26",157.259810565578
"2021-10-27",156.470425013941
"2021-10-28",156.925366668985
"2021-10-29",156.276941600777
"2021-11-01",156.827534756987
"2021-11-02",156.41735790685
"2021-11-03",156.757812130119
"2021-11-04",156.224058771988
"2021-11-05",155.767701138512
"2021-11-08",155.922944612514
"2021-11-09",155.265779615082
"2021-11-10",156.63667188512
"2021-11-11",155.383168286724
"2021-11-12",155.402089950855
"2021-11-15",154.506530203326
"2021-11-16",155.689984979315
"2021-11-17",156.942510503336
"2021-11-18",156.465506461454
"2021-11-19",156.069902222254
"2021-11-22",156.119972077179
"2021-11-23",155.306870262692
"2021-11-24",154.561046239149
"2021-11-26",152.875504143035
"2021-11-29",152.267897604786
"2021-11-30",154.287793938784
"2021-12-01",154.995509232527
"2021-12-02",153.53789449592
"2021-12-03",153.663853936891
"2021-12-06",153.050503043667
"2021-12-07",152.177710918316
"2021-12-08",154.126042699864
"2021-12-09",154.41701617568
"2021-12-10",152.838102917424
"2021-12-13",154.373287472958
"2021-12-14",154.766529344147
"2021-12-15",153.856367608274
"2021-12-16",155.364699854004
"2021-12-17",155.43846925787
"2021-12-20",155.430047150829
"2021-12-21",156.463863336539
"2021-12-22",155.77679342667
"2021-12-23",156.358121720245
"2021-12-27",155.7346031437
"2021-12-28",155.696751387731
"2021-12-29",155.945089801903
"2021-12-30",157.059254511784
"2021-12-31",157.094136689203
"2022-01-03",157.65324057279
"2022-01-04",155.651404136593
"2022-01-05",157.42195304214
"2022-01-06",158.671392351087
"2022-01-07",161.244883199421
"2022-01-10",163.379296846288
"2022-01-11",161.293987973805
"2022-01-12",159.201221157932
"2022-01-13",160.594853686007
"2022-01-14",158.996624112082
"2022-01-18",159.429783286742
"2022-01-19",160.811262399341
"2022-01-20",161.142840114354
"2022-01-21",163.424666417312
"2022-01-24",163.375154128634
"2022-01-25",161.586854535673
"2022-01-26",162.81839228351
"2022-01-27",163.281533647048
"2022-01-28",162.958808336243
"2022-01-31",163.526433151222
"2022-02-01",163.572161073936
"2022-02-02",161.466415396911
"2022-02-03",159.597889545793
"2022-02-04",161.671490201429
"2022-02-07",163.574403568484
"2022-02-08",166.360838773964
"2022-02-09",164.925836288483
"2022-02-10",165.125675344242
"2022-02-11",166.524098721879
"2022-02-14",167.266793747453
"2022-02-15",168.3851791309
"2022-02-16",168.51767244127
"2022-02-17",167.433137643246
"2022-02-18",163.56820325418
"2022-02-22",161.981725667752
"2022-02-23",159.675054223334
"2022-02-24",161.0349566033
"2022-02-25",164.332648206912
"2022-02-28",162.48115869142
"2022-03-01",162.144673311379
"2022-03-02",161.453023295548
"2022-03-03",161.291198242189
"2022-03-04",161.051727267324
"2022-03-07",169.218515681345
"2022-03-08",170.561935711168
"2022-03-09",171.804350952469
"2022-03-10",171.718792277538
"2022-03-11",171.93632141389
"2022-03-14",172.500564003609
"2022-03-15",171.416130405054
"2022-03-16",170.456562083587
"2022-03-17",169.741063909235
"2022-03-18",168.790721024058
"2022-03-21",168.861222868501
"2022-03-22",169.262637070915
"2022-03-23",170.373466079876
"2022-03-24",169.982135102761
"2022-03-25",170.852004849534
"2022-03-28",171.22033707865
"2022-03-29",172.733174865367
"2022-03-30",172.754209660142
"2022-03-31",173.259264477487
"2022-04-01",173.389802881064
"2022-04-04",174.175967271578
"2022-04-05",174.34901074586
"2022-04-06",174.314597537395
"2022-04-07",173.588016040626
"2022-04-08",173.830152947713
"2022-04-11",173.964252950373
"2022-04-12",174.210563312392
"2022-04-13",174.025311707311
"2022-04-14",174.075777147623
"2022-04-18",173.503981559907
"2022-04-19",174.522958276657
"2022-04-20",173.016124924724
"2022-04-21",172.878781394307
"2022-04-22",172.854563610917
"2022-04-25",174.089567475032
"2022-04-26",175.049734895588
"2022-04-27",174.435526044125
"2022-04-28",170.692709665718
"2022-04-29",171.927170934625
"2022-05-02",174.02090657479
"2022-05-03",171.626218610581
"2022-05-04",171.722227578426
"2022-05-05",174.586793456151
"2022-05-06",175.271782009978
"2022-05-09",175.067562100221
"2022-05-10",175.838836040984
"2022-05-11",174.979111824753
"2022-05-12",174.296103885931
"2022-05-13",174.92992670876
"2022-05-16",172.434645647167
"2022-05-17",172.968595834243
"2022-05-18",173.040352488558
"2022-05-19",175.510563105407
"2022-05-20",175.768928977561
"2022-05-23",175.560157831317
"2022-05-24",175.798981302207
"2022-05-25",174.963289527929
"2022-05-26",173.774765632885
"2022-05-27",170.379924749176
"2022-05-31",171.610735222087
"2022-06-01",170.519110975858
"2022-06-02",170.905656412939
"2022-06-03",170.362383137413
"2022-06-06",170.93789750886
"2022-06-07",168.514695705923
"2022-06-08",169.224018711998
"2022-06-09",168.628041756848
"2022-06-10",169.170307382637
"2022-06-13",168.311338745391
"2022-06-14",165.901420074572
"2022-06-15",167.087192004622
"2022-06-16",170.415292317033
"2022-06-17",173.397883094406
"2022-06-21",172.761048627434
"2022-06-22",175.443624880835
"2022-06-23",176.672155138573
"2022-06-24",182.227719084316
"2022-06-27",179.318410509451
"2022-06-28",179.734723291791
"2022-06-29",181.980290885676
"2022-06-30",183.340018797249
"2022-07-01",183.630797514088
"2022-07-05",183.118474209771
"2022-07-06",183.696676422843
"2022-07-07",185.208755065648
"2022-07-08",185.449951785259
"2022-07-11",186.020489925928
"2022-07-12",186.228210906928
"2022-07-13",186.367490748397
"2022-07-14",186.189973142174
"2022-07-15",185.849393104704
"2022-07-18",185.101605378862
"2022-07-19",185.459995975742
"2022-07-20",184.874974788578
"2022-07-21",186.022544250355
"2022-07-22",188.026188731674
"2022-07-25",187.685903416381
"2022-07-26",187.367778583935
"2022-07-27",187.824090519221
"2022-07-28",187.937096735406
"2022-07-29",190.543936253551
"2022-08-01",190.249004689227
"2022-08-02",190.980761201543
"2022-08-03",190.144967900901
"2022-08-04",193.663022655694
"2022-08-05",193.613082213431
"2022-08-08",193.723602086686
"2022-08-09",193.081481514467
"2022-08-10",193.477699219085
"2022-08-11",194.219503650304
"2022-08-12",193.975203138777
"2022-08-15",193.488663539059
"2022-08-16",193.557868305478
"2022-08-17",193.230213402398
"2022-08-18",193.71395037502
"2022-08-19",193.516166046938
"2022-08-22",193.111550224939
"2022-08-23",193.298553061741
"2022-08-24",192.969137268959
"2022-08-25",192.53191323118
"2022-08-26",191.234067683326
"2022-08-29",189.806260474536
"2022-08-30",191.921591735922
"2022-08-31",192.471855716978
"2022-09-01",193.729887695134
"2022-09-02",196.008776661953
"2022-09-06",195.9561928981
"2022-09-07",195.819206165118
"2022-09-08",195.796878154334
"2022-09-09",197.26880954544
"2022-09-12",196.395577066996
"2022-09-13",196.073336855582
"2022-09-14",195.657182306145
"2022-09-15",196.494949738123
"2022-09-16",196.762053145475
"2022-09-19",196.915525180571
"2022-09-20",197.459395736519
"2022-09-21",197.92907451116
"2022-09-22",197.9811380348
"2022-09-23",198.138985409618
"2022-09-26",197.46053052816
"2022-09-27",197.810330872594
"2022-09-28",197.933719661539
"2022-09-29",198.446880913257
"2022-09-30",198.613156403502
"2022-10-03",197.253555197403
"2022-10-04",196.15845174401
"2022-10-05",195.941928738142
"2022-10-06",194.535635695413
"2022-10-07",195.921376751694
"2022-10-10",195.799477868488
"2022-10-11",196.739740545969
"2022-10-12",195.565242000557
"2022-10-13",196.945204448138
"2022-10-14",197.320855750438
"2022-10-17",198.635870425552
"2022-10-18",198.106188500883
"2022-10-19",198.705744788185
"2022-10-20",199.552931843272
"2022-10-21",199.754137293187
"2022-10-24",200.912603748528
"2022-10-25",201.427742212265
"2022-10-26",203.252303291943
"2022-10-27",201.807077901343
"2022-10-28",203.895146988229
